0 0.027778 0.444904 0.050000 0.146006
0 0.480556 0.019284 0.222222 0.033058
0 0.084722 0.641873 0.163889 0.187328
0 0.966667 0.475207 0.055556 0.179063
1 0.495833 0.491736 0.441667 0.377410
0 0.929167 0.039945 0.136111 0.074380
0 0.141667 0.695592 0.227778 0.212121
0 0.051389 0.257576 0.097222 0.168044
0 0.268056 0.052342 0.219444 0.099174
0 0.668056 0.932507 0.208333 0.134986
0 0.072222 0.086777 0.138889 0.168044
0 0.262500 0.935262 0.191667 0.129477
0 0.834722 0.512397 0.191667 0.187328
0 0.419444 0.155647 0.211111 0.195592
0 0.918056 0.867769 0.158333 0.209366
0 0.180556 0.384298 0.188889 0.212121
0 0.086111 0.900826 0.166667 0.192837
0 0.787500 0.118457 0.191667 0.198347
0 0.479167 0.884298 0.202778 0.192837
0 0.318056 0.767218 0.225000 0.179063
0 0.741667 0.756198 0.227778 0.217631
0 0.829167 0.360882 0.208333 0.220386
0 0.976389 0.684573 0.047222 0.140496
