0 0.518056 0.986226 0.230556 0.027548
0 0.080556 0.860882 0.155556 0.206612
0 0.754167 0.968320 0.241667 0.057851
0 0.166667 0.264463 0.194444 0.170799
1 0.505556 0.508264 0.405556 0.454545
0 0.718056 0.747934 0.225000 0.245179
0 0.469444 0.050964 0.211111 0.096419
0 0.129167 0.031680 0.241667 0.057851
0 0.891667 0.059229 0.183333 0.112948
0 0.137500 0.942149 0.230556 0.115702
0 0.697222 0.183196 0.216667 0.195592
0 0.429167 0.847107 0.225000 0.206612
0 0.841667 0.283747 0.188889 0.192837
0 0.205556 0.374656 0.188889 0.225895
0 0.180556 0.633609 0.227778 0.214876
0 0.829167 0.606061 0.191667 0.214876
0 0.080556 0.195592 0.155556 0.214876
0 0.026389 0.388430 0.047222 0.165289
0 0.027778 0.610193 0.050000 0.195592
0 0.654167 0.125344 0.202778 0.195592
