0 0.929167 0.710744 0.136111 0.220386
0 0.880556 0.494490 0.222222 0.228650
0 0.480556 0.031680 0.255556 0.057851
0 0.729167 0.710744 0.230556 0.209366
0 0.681944 0.907713 0.225000 0.173554
0 0.750000 0.286501 0.233333 0.209366
1 0.505556 0.484848 0.361111 0.325069
0 0.690278 0.063361 0.202778 0.121212
0 0.266667 0.279614 0.205556 0.195592
0 0.479167 0.814050 0.213889 0.195592
0 0.075000 0.107438 0.144444 0.209366
0 0.052778 0.457300 0.100000 0.247934
0 0.052778 0.683196 0.100000 0.198347
0 0.143056 0.805785 0.213889 0.261708
0 0.293056 0.878788 0.163889 0.242424
0 0.472222 0.960055 0.194444 0.079890
