0 0.481944 0.012397 0.191667 0.019284
0 0.023611 0.213499 0.041667 0.179063
0 0.826389 0.162534 0.080556 0.192837
0 0.743056 0.169421 0.152778 0.206612
0 0.772222 0.942149 0.194444 0.115702
1 0.504167 0.528926 0.369444 0.341598
0 0.193056 0.650138 0.191667 0.198347
0 0.047222 0.633609 0.088889 0.203857
0 0.931944 0.823691 0.125000 0.203857
0 0.206944 0.060606 0.208333 0.115702
0 0.473611 0.243802 0.158333 0.134986
0 0.130556 0.465565 0.144444 0.176309
0 0.530556 0.880165 0.227778 0.228650
0 0.580556 0.115702 0.155556 0.165289
0 0.308333 0.206612 0.188889 0.192837
0 0.163889 0.982094 0.155556 0.035813
