0 0.965278 0.377410 0.063889 0.176309
0 0.113889 0.286501 0.222222 0.258953
0 0.394444 0.050964 0.211111 0.096419
0 0.911111 0.044077 0.166667 0.082645
1 0.493056 0.491736 0.391667 0.393939
0 0.318056 0.196970 0.225000 0.190083
0 0.418056 0.914601 0.191667 0.165289
0 0.829167 0.451791 0.191667 0.181818
0 0.287500 0.747934 0.191667 0.201102
0 0.131944 0.535813 0.191667 0.195592
0 0.705556 0.754821 0.211111 0.231405
0 0.904167 0.643251 0.175000 0.190083
0 0.183333 0.907713 0.200000 0.173554
0 0.756944 0.162534 0.202778 0.209366
0 0.038889 0.041322 0.072222 0.077135
0 0.026389 0.151515 0.047222 0.143251
0 0.041667 0.670799 0.077778 0.234160
0 0.030556 0.914601 0.055556 0.170799
0 0.970833 0.856749 0.058333 0.181818
