0 0.647222 0.984848 0.233333 0.024793
0 0.897222 0.016529 0.194444 0.027548
0 0.913889 0.977961 0.172222 0.038567
0 0.391667 0.979339 0.250000 0.041322
0 0.955556 0.633609 0.077778 0.187328
0 0.502778 0.048209 0.172222 0.090909
1 0.520833 0.498623 0.408333 0.435262
0 0.106944 0.059229 0.208333 0.112948
0 0.380556 0.236915 0.205556 0.143251
0 0.929167 0.363636 0.141667 0.198347
0 0.377778 0.830579 0.188889 0.184573
0 0.893056 0.155647 0.197222 0.184573
0 0.316667 0.075758 0.177778 0.146006
0 0.090278 0.263085 0.175000 0.190083
0 0.815278 0.680441 0.180556 0.220386
0 0.198611 0.730028 0.191667 0.181818
0 0.604167 0.814050 0.213889 0.173554
0 0.725000 0.015152 0.116667 0.024793
