0 0.031944 0.911846 0.058333 0.159780
0 0.968056 0.059229 0.058333 0.112948
1 0.495833 0.519284 0.436111 0.399449
0 0.722222 0.944904 0.194444 0.104683
0 0.826389 0.612948 0.202778 0.212121
0 0.930556 0.790634 0.122222 0.209366
0 0.266667 0.060606 0.183333 0.115702
0 0.150000 0.555096 0.205556 0.206612
0 0.890278 0.407713 0.202778 0.192837
0 0.190278 0.809917 0.202778 0.203857
0 0.431944 0.884298 0.202778 0.209366
0 0.079167 0.096419 0.152778 0.176309
0 0.179167 0.314050 0.191667 0.203857
0 0.866667 0.017906 0.122222 0.030303
