0 0.548611 0.838843 0.225 0.22865
0 0.9125 0.0192837 0.175 0.0385675
0 0.831944 0.286501 0.152778 0.15978
0 0.0736111 0.144628 0.147222 0.201102
0 0.0861111 0.0592287 0.166667 0.118457
0 0.852778 0.954545 0.25 0.0853994
1 0.501389 0.495868 0.402778 0.380165
0 0.948611 0.15427 0.102778 0.176309
0 0.0597222 0.69697 0.113889 0.170799
0 0.241667 0.252066 0.211111 0.212121
0 0.941667 0.522039 0.111111 0.190083
0 0.793056 0.376033 0.197222 0.206612
0 0.434722 0.823691 0.191667 0.170799
0 0.402778 0.0909091 0.2 0.181818
0 0.1125 0.830579 0.208333 0.201102
