0 0.390278 0.0110193 0.230556 0.0220386
0 0.0166667 0.632231 0.0333333 0.168044
0 0.0236111 0.0592287 0.0472222 0.118457
0 0.969444 0.188705 0.0555556 0.184573
0 0.744444 0.023416 0.211111 0.046832
0 0.606944 0.947658 0.241667 0.104683
1 0.479167 0.502755 0.436111 0.399449
0 0.109722 0.239669 0.175 0.203857
0 0.488889 0.931129 0.211111 0.137741
0 0.0458333 0.238292 0.0916667 0.184573
0 0.843056 0.684573 0.191667 0.190083
0 0.348611 0.126722 0.213889 0.187328
0 0.9375 0.655647 0.119444 0.181818
0 0.0777778 0.910468 0.155556 0.179063
0 0.641667 0.768595 0.194444 0.203857
0 0.395833 0.757576 0.213889 0.192837
0 0.922222 0.880165 0.155556 0.195592
0 0.195833 0.643251 0.197222 0.201102
0 0.269444 0.892562 0.205556 0.214876
0 0.820833 0.484848 0.169444 0.181818
0 0.126389 0.530303 0.186111 0.212121
0 0.208333 0.410468 0.172222 0.203857
0 0.247222 0.0909091 0.2 0.181818
0 0.576389 0.168044 0.213889 0.198347
0 0.8 0.236915 0.216667 0.209366
