0 0.5625 0.0137741 0.208333 0.0275482
0 0.920833 0.986226 0.152778 0.0275482
0 0.0444444 0.0344353 0.0888889 0.0688705
1 0.498611 0.487603 0.358333 0.336088
0 0.509722 0.96281 0.247222 0.0743802
0 0.927778 0.841598 0.133333 0.206612
0 0.0986111 0.173554 0.191667 0.192837
0 0.0527778 0.435262 0.105556 0.209366
0 0.270833 0.933884 0.197222 0.132231
0 0.933333 0.143251 0.122222 0.209366
0 0.775 0.5427 0.166667 0.203857
0 0.340278 0.168044 0.191667 0.192837
0 0.895833 0.367769 0.202778 0.190083
0 0.844444 0.644628 0.183333 0.176309
0 0.508333 0.809917 0.205556 0.187328
0 0.554167 0.207989 0.186111 0.179063
0 0.734722 0.84573 0.191667 0.187328
0 0.286111 0.735537 0.188889 0.192837
0 0.75 0.139118 0.183333 0.239669
0 0.215278 0.337466 0.197222 0.179063
