0 0.640278 0.986226 0.247222 0.027548
1 0.493056 0.491736 0.463889 0.415978
0 0.919444 0.159780 0.150000 0.225895
0 0.141667 0.954545 0.250000 0.085399
0 0.093056 0.050964 0.180556 0.096419
0 0.179167 0.527548 0.191667 0.261708
0 0.926389 0.438017 0.136111 0.198347
0 0.068056 0.411846 0.130556 0.206612
0 0.861111 0.652893 0.205556 0.220386
0 0.097222 0.203857 0.188889 0.176309
0 0.669444 0.753444 0.183333 0.195592
0 0.291667 0.720386 0.222222 0.206612
0 0.390278 0.140496 0.191667 0.203857
0 0.423611 0.884298 0.219444 0.209366
0 0.779167 0.760331 0.202778 0.181818
0 0.751389 0.022039 0.163889 0.038567
0 0.990278 0.709366 0.019444 0.140496
