0 0.229167 0.495868 0.197222 0.236915
0 0.241667 0.951791 0.244444 0.096419
0 0.923611 0.938017 0.141667 0.123967
0 0.341667 0.030303 0.294444 0.055096
0 0.066667 0.904959 0.127778 0.190083
1 0.502778 0.564738 0.400000 0.385675
0 0.930556 0.603306 0.138889 0.236915
0 0.102778 0.057851 0.200000 0.110193
0 0.472222 0.253444 0.255556 0.220386
0 0.943056 0.370523 0.108333 0.195592
0 0.490278 0.921488 0.252778 0.151515
0 0.123611 0.283747 0.230556 0.220386
0 0.891667 0.053719 0.205556 0.101928
0 0.166667 0.622590 0.216667 0.214876
0 0.591667 0.073003 0.227778 0.140496
0 0.763889 0.303030 0.227778 0.242424
0 0.023611 0.714876 0.041667 0.179063
