0 0.459722 0.017906 0.219444 0.030303
0 0.291667 0.972452 0.216667 0.055096
0 0.916667 0.026171 0.166667 0.046832
0 0.506944 0.800275 0.197222 0.190083
1 0.481944 0.486226 0.425000 0.382920
0 0.756944 0.274105 0.225000 0.184573
0 0.347222 0.148760 0.194444 0.203857
0 0.068056 0.579890 0.130556 0.190083
0 0.154167 0.589532 0.208333 0.209366
0 0.054167 0.787879 0.102778 0.181818
0 0.073611 0.942149 0.141667 0.110193
0 0.861111 0.327824 0.216667 0.176309
0 0.336111 0.760331 0.205556 0.209366
0 0.654167 0.114325 0.175000 0.223140
0 0.186111 0.847107 0.216667 0.234160
0 0.766667 0.750689 0.188889 0.217631
0 0.136111 0.103306 0.194444 0.190083
0 0.616667 0.942149 0.188889 0.115702
0 0.208333 0.330579 0.183333 0.203857
0 0.984722 0.593664 0.030556 0.129477
0 0.977778 0.797521 0.044444 0.168044
