0 0.605556 0.0151515 0.216667 0.030303
0 0.0736111 0.684573 0.147222 0.23416
1 0.506944 0.490358 0.419444 0.435262
0 0.781944 0.50551 0.197222 0.23416
0 0.754167 0.725895 0.308333 0.146006
0 0.170833 0.0564738 0.236111 0.112948
0 0.95 0.0688705 0.0944444 0.137741
0 0.0944444 0.158402 0.188889 0.212121
0 0.948611 0.276859 0.0972222 0.212121
0 0.568056 0.174931 0.191667 0.184573
0 0.798611 0.896694 0.258333 0.190083
0 0.948611 0.599174 0.102778 0.206612
0 0.722222 0.0977961 0.238889 0.190083
0 0.776389 0.30854 0.202778 0.214876
0 0.173611 0.476584 0.208333 0.214876
0 0.373611 0.0964187 0.186111 0.192837
0 0.194444 0.911846 0.216667 0.176309
0 0.5125 0.823691 0.236111 0.214876
