0 0.9125 0.980716 0.175 0.0385675
0 0.973611 0.644628 0.0472222 0.15978
1 0.484722 0.488981 0.402778 0.360882
0 0.0569444 0.471074 0.113889 0.187328
0 0.797222 0.85124 0.2 0.209366
0 0.391667 0.939394 0.222222 0.121212
0 0.323611 0.242424 0.252778 0.192837
0 0.808333 0.600551 0.205556 0.214876
0 0.0527778 0.256198 0.105556 0.181818
0 0.409722 0.0550964 0.202778 0.104683
0 0.201389 0.516529 0.163889 0.22314
0 0.0763889 0.670799 0.152778 0.162534
0 0.168056 0.103306 0.175 0.179063
0 0.736111 0.315427 0.188889 0.184573
0 0.286111 0.764463 0.216667 0.212121
0 0.556944 0.827824 0.219444 0.217631
