0 0.061111 0.158402 0.116667 0.184573
0 0.041667 0.783747 0.077778 0.179063
0 0.269444 0.097796 0.222222 0.190083
0 0.920833 0.814050 0.141667 0.179063
0 0.541667 0.965565 0.244444 0.063361
0 0.129167 0.951791 0.213889 0.090909
1 0.509722 0.488981 0.358333 0.327824
0 0.913889 0.136364 0.172222 0.234160
0 0.580556 0.074380 0.172222 0.143251
0 0.890278 0.449036 0.208333 0.187328
0 0.204167 0.381543 0.230556 0.245179
0 0.213889 0.820937 0.211111 0.187328
0 0.811111 0.647383 0.183333 0.198347
0 0.656944 0.236915 0.202778 0.187328
0 0.981944 0.646006 0.036111 0.146006
