1 0.501389 0.511019 0.508333 0.465565
0 0.152778 0.969697 0.238889 0.060606
0 0.059722 0.166667 0.113889 0.201102
0 0.690278 0.039945 0.258333 0.074380
0 0.104167 0.395317 0.202778 0.195592
0 0.748611 0.709366 0.252778 0.228650
0 0.956944 0.398072 0.069444 0.223140
0 0.766667 0.150138 0.200000 0.201102
0 0.929167 0.121212 0.141667 0.236915
0 0.279167 0.173554 0.225000 0.247934
0 0.833333 0.881543 0.227778 0.220386
0 0.440278 0.063361 0.219444 0.121212
0 0.066667 0.615702 0.127778 0.195592
0 0.555556 0.904959 0.200000 0.179063
0 0.284722 0.807163 0.230556 0.209366
0 0.816667 0.367769 0.188889 0.190083
0 0.212500 0.451791 0.180556 0.242424
