0 0.933333 0.307163 0.116667 0.239669
0 0.786111 0.566116 0.233333 0.239669
0 0.652778 0.746556 0.222222 0.209366
0 0.952778 0.938017 0.088889 0.118457
1 0.491667 0.504132 0.255556 0.429752
0 0.131944 0.033058 0.258333 0.060606
0 0.425000 0.946281 0.205556 0.107438
0 0.055556 0.683196 0.105556 0.176309
0 0.772222 0.874656 0.216667 0.206612
0 0.777778 0.347107 0.183333 0.192837
0 0.191667 0.942149 0.205556 0.115702
0 0.943056 0.743802 0.108333 0.187328
0 0.404167 0.780992 0.191667 0.184573
0 0.800000 0.112948 0.200000 0.203857
0 0.213889 0.747934 0.177778 0.212121
0 0.580556 0.110193 0.227778 0.214876
0 0.180556 0.282369 0.211111 0.261708
0 0.122222 0.169421 0.233333 0.217631
