0 0.523611 0.986226 0.225 0.0275482
0 0.908333 0.986226 0.183333 0.0275482
0 0.948611 0.556474 0.102778 0.253444
0 0.959722 0.636364 0.075 0.165289
0 0.0680556 0.023416 0.136111 0.046832
0 0.973611 0.27135 0.0472222 0.157025
0 0.804167 0.504132 0.186111 0.231405
0 0.0402778 0.965565 0.0805556 0.0688705
0 0.0333333 0.176309 0.0666667 0.181818
1 0.5 0.471074 0.388889 0.358127
0 0.938889 0.140496 0.116667 0.198347
0 0.765278 0.219008 0.225 0.250689
0 0.747222 0.900826 0.205556 0.198347
0 0.0625 0.596419 0.125 0.190083
0 0.604167 0.754821 0.202778 0.192837
0 0.934722 0.853994 0.125 0.192837
0 0.170833 0.931129 0.191667 0.137741
0 0.584722 0.084022 0.175 0.168044
0 0.805556 0.680441 0.2 0.220386
0 0.216667 0.753444 0.172222 0.162534
0 0.406944 0.801653 0.191667 0.214876
0 0.205556 0.084022 0.2 0.168044
0 0.0638889 0.81405 0.127778 0.212121
0 0.0861111 0.396694 0.172222 0.203857
0 0.248611 0.285124 0.191667 0.184573
0 0.218056 0.561983 0.186111 0.192837
