1 0.494444 0.49449 0.388889 0.393939
0 0.725 0.0413223 0.277778 0.0826446
0 0.0722222 0.293388 0.144444 0.217631
0 0.102778 0.688705 0.2 0.181818
0 0.948611 0.30303 0.102778 0.203857
0 0.381944 0.946281 0.258333 0.107438
0 0.415278 0.177686 0.180556 0.190083
0 0.165278 0.469697 0.236111 0.212121
0 0.395833 0.077135 0.186111 0.15427
0 0.755556 0.940771 0.188889 0.118457
0 0.819444 0.0977961 0.216667 0.195592
0 0.319444 0.775482 0.233333 0.201102
0 0.130556 0.909091 0.211111 0.181818
0 0.613889 0.195592 0.205556 0.192837
0 0.218056 0.180441 0.163889 0.201102
