0 0.077778 0.139118 0.150000 0.195592
0 0.429167 0.975207 0.258333 0.044077
0 0.702778 0.972452 0.238889 0.049587
0 0.941667 0.949036 0.105556 0.101928
1 0.504167 0.484848 0.436111 0.391185
0 0.955556 0.528926 0.077778 0.187328
0 0.091667 0.629477 0.177778 0.267218
0 0.963889 0.206612 0.066667 0.187328
0 0.202778 0.353994 0.238889 0.234160
0 0.059722 0.881543 0.113889 0.203857
0 0.827778 0.482094 0.177778 0.236915
0 0.343056 0.060606 0.319444 0.115702
0 0.152778 0.230028 0.211111 0.256198
0 0.704167 0.067493 0.247222 0.129477
0 0.893056 0.746556 0.202778 0.269972
0 0.275000 0.742424 0.205556 0.245179
0 0.795833 0.230028 0.225000 0.217631
0 0.976389 0.046832 0.041667 0.088154
