0 0.934722 0.035813 0.130556 0.066116
0 0.113889 0.013774 0.222222 0.022039
0 0.541667 0.982094 0.250000 0.030303
0 0.680556 0.050964 0.211111 0.096419
1 0.500000 0.491736 0.383333 0.333333
0 0.929167 0.190083 0.130556 0.220386
0 0.911111 0.090909 0.166667 0.176309
0 0.716667 0.090909 0.172222 0.176309
0 0.059722 0.743802 0.113889 0.181818
0 0.819444 0.360882 0.200000 0.209366
0 0.741667 0.746556 0.194444 0.192837
0 0.891667 0.531680 0.205556 0.220386
0 0.438889 0.884298 0.188889 0.192837
0 0.230556 0.760331 0.200000 0.192837
0 0.723611 0.884298 0.180556 0.198347
0 0.431944 0.019284 0.202778 0.033058
0 0.918056 0.986226 0.102778 0.027548
