0 0.768056 0.984848 0.219444 0.024793
0 0.019444 0.173554 0.033333 0.192837
0 0.880556 0.037190 0.211111 0.068871
1 0.543056 0.487603 0.486111 0.418733
0 0.961111 0.683196 0.066667 0.176309
0 0.380556 0.052342 0.261111 0.099174
0 0.254167 0.944904 0.175000 0.110193
0 0.893056 0.230028 0.208333 0.234160
0 0.068056 0.932507 0.130556 0.134986
0 0.052778 0.542700 0.100000 0.176309
0 0.466667 0.851240 0.183333 0.192837
0 0.180556 0.776860 0.227778 0.181818
0 0.894444 0.468320 0.177778 0.192837
0 0.218056 0.471074 0.202778 0.209366
0 0.894444 0.881543 0.188889 0.192837
0 0.504167 0.123967 0.202778 0.242424
0 0.711111 0.767218 0.244444 0.212121
0 0.533333 0.988981 0.127778 0.022039
