0 0.013661 0.910569 0.021858 0.178862
0 0.441257 0.012195 0.193989 0.018970
1 0.422131 0.494580 0.418033 0.382114
0 0.035519 0.031165 0.065574 0.056911
0 0.039617 0.172087 0.073770 0.159892
0 0.952186 0.613821 0.084699 0.116531
0 0.109290 0.032520 0.180328 0.059621
0 0.953552 0.924119 0.092896 0.146341
0 0.852459 0.040650 0.218579 0.075881
0 0.960383 0.712737 0.073770 0.162602
0 0.571038 0.957995 0.169399 0.084011
0 0.938525 0.439024 0.117486 0.184282
0 0.062842 0.363144 0.120219 0.168022
0 0.113388 0.555556 0.193989 0.211382
0 0.203552 0.174797 0.183060 0.176152
0 0.782787 0.940379 0.193989 0.113821
0 0.558743 0.762873 0.177596 0.219512
0 0.860656 0.214092 0.196721 0.211382
0 0.782787 0.762873 0.193989 0.170732
0 0.411202 0.130081 0.199454 0.205962
