0 0.890278 0.827824 0.197222 0.206612
1 0.486111 0.498623 0.416667 0.446281
0 0.080556 0.488981 0.155556 0.179063
0 0.880556 0.166667 0.183333 0.173554
0 0.658333 0.143251 0.222222 0.236915
0 0.263889 0.089532 0.277778 0.173554
0 0.098611 0.212121 0.191667 0.231405
0 0.176389 0.413223 0.202778 0.242424
0 0.122222 0.695592 0.216667 0.217631
0 0.075000 0.903581 0.144444 0.192837
0 0.359722 0.833333 0.208333 0.228650
0 0.204167 0.972452 0.175000 0.055096
0 0.448611 0.954545 0.230556 0.090909
0 0.659722 0.758953 0.213889 0.190083
0 0.691667 0.920110 0.222222 0.159780
0 0.966667 0.944904 0.066667 0.104683
0 0.848611 0.610193 0.225000 0.228650
0 0.844444 0.378788 0.222222 0.223140
0 0.972222 0.436639 0.055556 0.173554
