0 0.559722 0.984848 0.230556 0.024793
0 0.058333 0.676309 0.111111 0.162534
1 0.491667 0.498623 0.411111 0.407713
0 0.150000 0.027548 0.205556 0.049587
0 0.425000 0.159780 0.194444 0.209366
0 0.051389 0.190083 0.097222 0.181818
0 0.427778 0.800275 0.216667 0.179063
0 0.136111 0.950413 0.194444 0.093664
0 0.180556 0.524793 0.205556 0.278237
0 0.916667 0.579890 0.161111 0.184573
0 0.891667 0.260331 0.188889 0.223140
0 0.708333 0.898072 0.200000 0.187328
0 0.334722 0.942149 0.180556 0.115702
0 0.905556 0.914601 0.172222 0.170799
0 0.208333 0.166667 0.200000 0.206612
0 0.545833 0.015152 0.119444 0.024793
0 0.758333 0.024793 0.150000 0.044077
0 0.977778 0.114325 0.044444 0.157025
0 0.045833 0.391185 0.086111 0.209366
