0 0.027778 0.143251 0.050000 0.192837
0 0.029167 0.807163 0.052778 0.198347
0 0.702778 0.935262 0.222222 0.129477
0 0.751389 0.199725 0.213889 0.217631
0 0.956944 0.898072 0.075000 0.192837
0 0.720833 0.690083 0.208333 0.162534
1 0.455556 0.511019 0.366667 0.382920
0 0.336111 0.925620 0.266667 0.148760
0 0.744444 0.767218 0.227778 0.206612
0 0.833333 0.490358 0.188889 0.253444
0 0.429167 0.122590 0.252778 0.239669
0 0.140278 0.089532 0.236111 0.173554
0 0.891667 0.183196 0.205556 0.245179
0 0.131944 0.465565 0.225000 0.231405
0 0.255556 0.267218 0.211111 0.209366
0 0.183333 0.753444 0.200000 0.206612
0 0.916667 0.480716 0.166667 0.234160
