0 0.975 0.906336 0.0444444 0.170799
1 0.498611 0.490358 0.458333 0.435262
0 0.2125 0.961433 0.197222 0.077135
0 0.0347222 0.239669 0.0694444 0.176309
0 0.0430556 0.938017 0.0861111 0.118457
0 0.0375 0.46832 0.075 0.187328
0 0.0333333 0.701102 0.0666667 0.206612
0 0.751389 0.0385675 0.208333 0.077135
0 0.870833 0.76584 0.197222 0.192837
0 0.455556 0.955923 0.222222 0.0881543
0 0.95 0.38292 0.0944444 0.170799
0 0.158333 0.621212 0.188889 0.184573
0 0.829167 0.900826 0.202778 0.192837
0 0.245833 0.917355 0.175 0.15978
0 0.229167 0.256198 0.202778 0.192837
0 0.266667 0.719008 0.194444 0.198347
0 0.775 0.692837 0.216667 0.212121
0 0.701389 0.207989 0.186111 0.201102
0 0.186111 0.0661157 0.216667 0.132231
0 0.909722 0.158402 0.180556 0.22865
0 0.816667 0.402204 0.183333 0.209366
0 0.177778 0.490358 0.183333 0.214876
0 0.4 0.0922865 0.205556 0.179063
0 0.483333 0.826446 0.194444 0.176309
