0 0.816667 0.907713 0.205556 0.179063
0 0.912500 0.743802 0.169444 0.209366
1 0.493056 0.482094 0.341667 0.347107
0 0.902778 0.351240 0.188889 0.190083
0 0.486111 0.037190 0.205556 0.068871
0 0.730556 0.045455 0.238889 0.085399
0 0.940278 0.589532 0.113889 0.209366
0 0.779167 0.393939 0.186111 0.187328
0 0.097222 0.353994 0.188889 0.206612
0 0.073611 0.610193 0.141667 0.184573
0 0.090278 0.108815 0.175000 0.206612
0 0.895833 0.136364 0.175000 0.179063
0 0.468056 0.826446 0.236111 0.236915
0 0.441667 0.183196 0.205556 0.190083
0 0.252778 0.713499 0.211111 0.209366
