0 0.934722 0.034435 0.119444 0.063361
0 0.127778 0.975207 0.250000 0.044077
0 0.093056 0.026171 0.180556 0.046832
0 0.043056 0.793388 0.080556 0.209366
0 0.829167 0.236915 0.302778 0.253444
0 0.715278 0.084022 0.197222 0.162534
0 0.256944 0.713499 0.247222 0.181818
1 0.504167 0.502755 0.402778 0.482094
0 0.359722 0.853994 0.269444 0.220386
0 0.775000 0.720386 0.205556 0.162534
0 0.119444 0.304408 0.233333 0.245179
0 0.818056 0.902204 0.252778 0.195592
0 0.338889 0.179063 0.200000 0.220386
0 0.875000 0.511019 0.244444 0.245179
0 0.570833 0.910468 0.213889 0.168044
0 0.048611 0.487603 0.091667 0.203857
