0 0.283333 0.139118 0.216667 0.201102
0 0.361111 0.0247934 0.244444 0.0495868
0 0.0513889 0.829201 0.102778 0.187328
0 0.665278 0.139118 0.202778 0.256198
1 0.515278 0.495868 0.402778 0.424242
0 0.106944 0.953168 0.213889 0.0936639
0 0.0611111 0.0592287 0.116667 0.112948
0 0.380556 0.944904 0.222222 0.110193
0 0.304167 0.652893 0.202778 0.264463
0 0.901389 0.232782 0.191667 0.201102
0 0.311111 0.257576 0.211111 0.190083
0 0.230556 0.449036 0.194444 0.198347
0 0.441667 0.800276 0.233333 0.184573
0 0.848611 0.493113 0.202778 0.225895
0 0.1 0.621212 0.2 0.195592
0 0.0861111 0.225895 0.172222 0.176309
0 0.669444 0.760331 0.205556 0.203857
