0 0.954167 0.946281 0.086111 0.107438
0 0.059722 0.059229 0.113889 0.112948
1 0.502778 0.491736 0.427778 0.410468
0 0.848611 0.568871 0.230556 0.217631
0 0.763889 0.951791 0.238889 0.090909
0 0.581944 0.066116 0.247222 0.126722
0 0.904167 0.632231 0.175000 0.195592
0 0.151389 0.253444 0.225000 0.214876
0 0.229167 0.790634 0.230556 0.203857
0 0.527778 0.938017 0.233333 0.118457
0 0.855556 0.089532 0.216667 0.173554
0 0.701389 0.774105 0.202778 0.209366
0 0.687500 0.220386 0.241667 0.231405
0 0.105556 0.568871 0.205556 0.228650
0 0.415278 0.162534 0.269444 0.225895
0 0.126389 0.837466 0.213889 0.198347
0 0.963889 0.353994 0.072222 0.201102
0 0.980556 0.111570 0.038889 0.206612
