0 0.955556 0.056474 0.072222 0.107438
1 0.495833 0.498623 0.375000 0.391185
0 0.575000 0.964187 0.205556 0.066116
0 0.129167 0.949036 0.230556 0.101928
0 0.961111 0.517906 0.077778 0.181818
0 0.054167 0.720386 0.102778 0.179063
0 0.329167 0.082645 0.225000 0.159780
0 0.625000 0.793388 0.183333 0.209366
0 0.780556 0.428375 0.172222 0.201102
0 0.405556 0.801653 0.200000 0.170799
0 0.866667 0.203857 0.244444 0.203857
0 0.811111 0.860882 0.183333 0.190083
0 0.291667 0.279614 0.216667 0.173554
0 0.684722 0.074380 0.180556 0.143251
0 0.229167 0.636364 0.169444 0.192837
0 0.504167 0.192837 0.191667 0.187328
0 0.184722 0.465565 0.219444 0.198347
