0 0.713889 0.017906 0.200000 0.030303
0 0.969444 0.958678 0.055556 0.082645
0 0.641667 0.971074 0.211111 0.052342
0 0.427778 0.968320 0.222222 0.052342
0 0.436111 0.037190 0.233333 0.068871
0 0.058333 0.954545 0.111111 0.085399
0 0.951389 0.079890 0.086111 0.154270
1 0.484722 0.622590 0.419444 0.391185
0 0.193056 0.451791 0.197222 0.192837
0 0.936111 0.304408 0.116667 0.179063
0 0.125000 0.227273 0.244444 0.223140
0 0.893056 0.776860 0.197222 0.181818
0 0.762500 0.797521 0.180556 0.190083
0 0.490278 0.316804 0.197222 0.181818
0 0.776389 0.421488 0.186111 0.187328
0 0.287500 0.079890 0.191667 0.154270
0 0.143056 0.666667 0.202778 0.236915
0 0.586111 0.136364 0.205556 0.190083
0 0.811111 0.163912 0.205556 0.184573
0 0.218056 0.887052 0.191667 0.181818
0 0.016667 0.712121 0.027778 0.151515
