0 0.0708333 0.118457 0.141667 0.220386
0 0.0305556 0.943526 0.0611111 0.107438
0 0.869444 0.0261708 0.211111 0.0523416
1 0.306944 0.807163 0.402778 0.385675
1 0.497222 0.415978 0.427778 0.424242
0 0.0527778 0.524793 0.105556 0.184573
0 0.506944 0.0730028 0.186111 0.146006
0 0.75 0.578512 0.177778 0.209366
0 0.925 0.195592 0.144444 0.198347
0 0.601389 0.911846 0.219444 0.176309
0 0.856944 0.928375 0.186111 0.143251
0 0.606944 0.72314 0.230556 0.173554
0 0.725 0.155647 0.166667 0.190083
0 0.288889 0.155647 0.172222 0.184573
0 0.919444 0.4573 0.155556 0.225895
