0 0.515278 0.143251 0.219444 0.209366
0 0.880556 0.884298 0.222222 0.220386
0 0.705556 0.267218 0.194444 0.181818
1 0.498611 0.498623 0.358333 0.341598
0 0.250000 0.088154 0.205556 0.170799
0 0.079167 0.187328 0.152778 0.236915
0 0.100000 0.417355 0.194444 0.245179
0 0.175000 0.611570 0.161111 0.209366
0 0.038889 0.646006 0.072222 0.206612
0 0.084722 0.882920 0.158333 0.234160
0 0.247222 0.973829 0.172222 0.052342
0 0.473611 0.882920 0.197222 0.234160
0 0.761111 0.681818 0.244444 0.234160
0 0.805556 0.438017 0.188889 0.242424
0 0.950000 0.415978 0.100000 0.242424
0 0.966667 0.173554 0.066667 0.198347
0 0.868056 0.104683 0.186111 0.203857
