0 0.205556 0.877410 0.205556 0.173554
0 0.341667 0.039945 0.305556 0.074380
0 0.743056 0.720386 0.286111 0.217631
0 0.059722 0.928375 0.113889 0.126722
0 0.129167 0.074380 0.219444 0.143251
1 0.495833 0.488981 0.413889 0.382920
0 0.398611 0.926997 0.263889 0.146006
0 0.713889 0.906336 0.261111 0.170799
0 0.812500 0.976584 0.175000 0.046832
0 0.383333 0.776860 0.238889 0.181818
0 0.162500 0.712121 0.252778 0.201102
0 0.218056 0.560606 0.247222 0.245179
0 0.016667 0.761708 0.027778 0.157025
0 0.027778 0.519284 0.050000 0.212121
0 0.131944 0.250689 0.258333 0.220386
0 0.852778 0.606061 0.222222 0.214876
0 0.763889 0.435262 0.183333 0.231405
0 0.911111 0.453168 0.177778 0.261708
0 0.908333 0.221763 0.183333 0.195592
0 0.794444 0.070248 0.222222 0.134986
0 0.675000 0.235537 0.244444 0.217631
0 0.293056 0.314050 0.252778 0.236915
0 0.369444 0.179063 0.283333 0.187328
0 0.558333 0.111570 0.177778 0.217631
