1 0.504167 0.482094 0.391667 0.358127
0 0.954167 0.064738 0.080556 0.123967
0 0.948611 0.253444 0.091667 0.187328
0 0.562500 0.944904 0.169444 0.104683
0 0.095833 0.511019 0.186111 0.217631
0 0.941667 0.545455 0.111111 0.220386
0 0.077778 0.771350 0.150000 0.198347
0 0.216667 0.421488 0.177778 0.203857
0 0.291667 0.720386 0.177778 0.184573
0 0.790278 0.508264 0.169444 0.223140
0 0.775000 0.084022 0.205556 0.162534
0 0.104167 0.236915 0.202778 0.214876
0 0.775000 0.865014 0.205556 0.198347
0 0.680556 0.256198 0.155556 0.165289
0 0.491667 0.790634 0.172222 0.176309
0 0.325000 0.190083 0.183333 0.176309
0 0.981944 0.929752 0.036111 0.129477
