0 0.427778 0.844353 0.227778 0.195592
0 0.962500 0.019284 0.075000 0.033058
0 0.970833 0.615702 0.047222 0.157025
0 0.052778 0.961433 0.100000 0.071625
0 0.026389 0.381543 0.047222 0.146006
1 0.498611 0.519284 0.391667 0.404959
0 0.948611 0.925620 0.091667 0.148760
0 0.084722 0.841598 0.163889 0.217631
0 0.105556 0.066116 0.205556 0.126722
0 0.504167 0.067493 0.197222 0.129477
0 0.729167 0.921488 0.197222 0.157025
0 0.652778 0.256198 0.172222 0.225895
0 0.591667 0.870523 0.172222 0.214876
0 0.327778 0.253444 0.216667 0.192837
0 0.240278 0.853994 0.169444 0.192837
0 0.827778 0.582645 0.166667 0.168044
0 0.823611 0.210744 0.169444 0.184573
0 0.038889 0.183196 0.072222 0.157025
0 0.038889 0.608815 0.072222 0.225895
