0 0.130556 0.972452 0.255556 0.049587
0 0.308333 0.041322 0.316667 0.077135
1 0.497222 0.488981 0.355556 0.393939
0 0.383333 0.192837 0.211111 0.187328
0 0.859722 0.143251 0.247222 0.225895
0 0.784722 0.347107 0.241667 0.236915
0 0.937500 0.458678 0.125000 0.234160
0 0.772222 0.684573 0.227778 0.212121
0 0.876389 0.870523 0.247222 0.214876
0 0.690278 0.973829 0.202778 0.052342
0 0.369444 0.761708 0.266667 0.234160
0 0.181944 0.541322 0.213889 0.234160
0 0.102778 0.130854 0.194444 0.234160
0 0.048611 0.471074 0.091667 0.242424
0 0.134722 0.776860 0.213889 0.242424
0 0.019444 0.834711 0.033333 0.181818
