0 0.268056 0.176309 0.230556 0.209366
0 0.430556 0.027548 0.283333 0.049587
0 0.084722 0.220386 0.163889 0.203857
1 0.491667 0.491736 0.427778 0.432507
0 0.627778 0.089532 0.250000 0.173554
0 0.381944 0.946281 0.225000 0.107438
0 0.884722 0.088154 0.219444 0.170799
0 0.181944 0.444904 0.208333 0.223140
0 0.809722 0.914601 0.241667 0.165289
0 0.104167 0.754821 0.202778 0.214876
0 0.918056 0.641873 0.158333 0.231405
0 0.716667 0.730028 0.216667 0.192837
0 0.327778 0.790634 0.205556 0.198347
0 0.976389 0.915978 0.047222 0.162534
0 0.630556 0.982094 0.116667 0.035813
