0 0.191667 0.982094 0.233333 0.035813
0 0.493056 0.954545 0.241667 0.085399
1 0.498611 0.488981 0.308333 0.360882
0 0.955556 0.935262 0.083333 0.129477
0 0.223611 0.028926 0.258333 0.052342
0 0.711111 0.027548 0.216667 0.049587
0 0.052778 0.206612 0.100000 0.203857
0 0.923611 0.049587 0.141667 0.093664
0 0.076389 0.589532 0.147222 0.220386
0 0.079167 0.801653 0.152778 0.187328
0 0.930556 0.206612 0.127778 0.192837
0 0.277778 0.666667 0.227778 0.203857
0 0.945833 0.424242 0.108333 0.198347
0 0.456944 0.139118 0.202778 0.190083
0 0.505556 0.793388 0.227778 0.209366
0 0.198611 0.435262 0.208333 0.231405
0 0.229167 0.196970 0.230556 0.217631
0 0.813889 0.538567 0.211111 0.228650
0 0.779167 0.888430 0.213889 0.206612
0 0.973611 0.713499 0.052778 0.209366
