0 0.945833 0.975207 0.108333 0.044077
0 0.766667 0.982094 0.250000 0.030303
0 0.893056 0.057851 0.202778 0.110193
0 0.880556 0.320937 0.188889 0.223140
0 0.393056 0.057851 0.225000 0.110193
1 0.502778 0.488981 0.400000 0.349862
0 0.052778 0.884298 0.100000 0.220386
0 0.830556 0.836088 0.194444 0.239669
0 0.893056 0.393939 0.202778 0.220386
0 0.666667 0.734160 0.188889 0.179063
0 0.213889 0.367769 0.188889 0.190083
0 0.048611 0.236915 0.091667 0.214876
0 0.579167 0.907713 0.197222 0.179063
0 0.943056 0.650138 0.102778 0.209366
0 0.190278 0.464187 0.208333 0.228650
0 0.869444 0.133609 0.227778 0.190083
0 0.180556 0.129477 0.211111 0.220386
0 0.252778 0.893939 0.188889 0.190083
0 0.123611 0.716253 0.191667 0.220386
0 0.291667 0.692837 0.166667 0.206612
0 0.691667 0.263085 0.183333 0.184573
0 0.466667 0.847107 0.227778 0.206612
0 0.787500 0.585399 0.208333 0.206612
0 0.900000 0.841598 0.183333 0.195592
