0 0.829167 0.024793 0.308333 0.044077
0 0.068056 0.039945 0.130556 0.074380
0 0.958333 0.914601 0.077778 0.165289
0 0.923611 0.395317 0.141667 0.201102
0 0.581944 0.962810 0.291667 0.057851
0 0.934722 0.696970 0.119444 0.209366
0 0.937500 0.169421 0.119444 0.206612
1 0.491667 0.491736 0.355556 0.382920
1 0.380556 0.837466 0.316667 0.314050
0 0.363889 0.176309 0.200000 0.214876
0 0.780556 0.245179 0.222222 0.225895
0 0.822222 0.545455 0.238889 0.236915
0 0.812500 0.926997 0.208333 0.146006
0 0.126389 0.633609 0.175000 0.264463
0 0.075000 0.936639 0.144444 0.126722
0 0.095833 0.250689 0.186111 0.247934
0 0.147222 0.286501 0.194444 0.214876
0 0.033333 0.380165 0.061111 0.154270
0 0.022222 0.607438 0.038889 0.201102
