0 0.581944 0.983471 0.186111 0.0330578
0 0.0291667 0.673554 0.0583333 0.190083
0 0.652778 0.0261708 0.211111 0.0523416
1 0.493056 0.461433 0.402778 0.371901
0 0.963889 0.53168 0.0666667 0.170799
0 0.966667 0.747934 0.0611111 0.179063
0 0.95 0.932507 0.1 0.129477
0 0.791667 0.938017 0.194444 0.123967
0 0.833333 0.772727 0.177778 0.151515
0 0.726389 0.582645 0.175 0.212121
0 0.569444 0.754821 0.222222 0.209366
0 0.684722 0.893939 0.175 0.190083
0 0.206944 0.557851 0.186111 0.190083
0 0.0625 0.195592 0.125 0.198347
0 0.0555556 0.428375 0.111111 0.195592
0 0.0722222 0.915978 0.144444 0.168044
0 0.163889 0.130854 0.211111 0.190083
0 0.891667 0.140496 0.216667 0.231405
0 0.215278 0.348485 0.213889 0.190083
0 0.859722 0.418733 0.197222 0.176309
0 0.172222 0.758953 0.194444 0.190083
0 0.668056 0.22865 0.175 0.198347
0 0.354167 0.933884 0.175 0.132231
0 0.486111 0.0977961 0.205556 0.190083
0 0.356944 0.727273 0.163889 0.220386
