0 0.116667 0.494490 0.205556 0.173554
0 0.918056 0.968320 0.152778 0.063361
0 0.805556 0.619835 0.211111 0.220386
1 0.487500 0.526171 0.380556 0.363636
0 0.087500 0.283747 0.169444 0.192837
0 0.061111 0.756198 0.116667 0.217631
0 0.216667 0.820937 0.177778 0.187328
0 0.336111 0.942149 0.194444 0.115702
0 0.486111 0.820937 0.211111 0.198347
0 0.852778 0.848485 0.227778 0.198347
0 0.338889 0.239669 0.216667 0.187328
0 0.625000 0.220386 0.227778 0.231405
0 0.929167 0.279614 0.141667 0.179063
0 0.920833 0.090909 0.158333 0.176309
0 0.305556 0.060606 0.227778 0.115702
0 0.204167 0.639118 0.247222 0.192837
0 0.255556 0.377410 0.250000 0.236915
