0 0.079167 0.027548 0.152778 0.049587
0 0.555556 0.844353 0.222222 0.206612
0 0.087500 0.561983 0.169444 0.198347
0 0.106944 0.961433 0.208333 0.077135
0 0.244444 0.746556 0.205556 0.236915
0 0.936111 0.053719 0.116667 0.101928
1 0.498611 0.495868 0.391667 0.374656
0 0.161111 0.374656 0.216667 0.203857
0 0.704167 0.063361 0.202778 0.121212
0 0.891667 0.928375 0.200000 0.137741
0 0.419444 0.115702 0.227778 0.214876
0 0.873611 0.183196 0.219444 0.228650
0 0.850000 0.535813 0.233333 0.239669
0 0.058333 0.276860 0.111111 0.223140
0 0.045833 0.771350 0.086111 0.225895
0 0.456944 0.756198 0.208333 0.179063
0 0.975000 0.674931 0.050000 0.187328
