0 0.844444 0.438017 0.183333 0.181818
0 0.223611 0.137741 0.263889 0.181818
0 0.0583333 0.0895317 0.111111 0.173554
0 0.0819444 0.939394 0.158333 0.121212
1 0.493056 0.49449 0.413889 0.38292
0 0.0569444 0.775482 0.113889 0.173554
0 0.858333 0.504132 0.194444 0.203857
0 0.954167 0.944904 0.0861111 0.110193
0 0.931944 0.230028 0.136111 0.22314
0 0.118056 0.526171 0.236111 0.253444
0 0.925 0.72865 0.144444 0.173554
0 0.438889 0.933884 0.177778 0.132231
0 0.486111 0.157025 0.188889 0.176309
0 0.719444 0.199725 0.172222 0.184573
0 0.808333 0.891185 0.161111 0.162534
