0 0.019444 0.734160 0.033333 0.173554
1 0.501389 0.498623 0.313889 0.314050
0 0.034722 0.942149 0.063889 0.115702
0 0.918056 0.679063 0.158333 0.228650
0 0.818056 0.961433 0.236111 0.077135
0 0.727778 0.041322 0.244444 0.077135
0 0.047222 0.089532 0.088889 0.173554
0 0.316667 0.042700 0.216667 0.079890
0 0.880556 0.797521 0.227778 0.217631
0 0.866667 0.438017 0.233333 0.209366
0 0.629167 0.820937 0.258333 0.220386
0 0.825000 0.318182 0.233333 0.228650
0 0.534722 0.141873 0.230556 0.228650
0 0.177778 0.652893 0.238889 0.203857
0 0.080556 0.472452 0.155556 0.179063
0 0.206944 0.203857 0.186111 0.209366
0 0.194444 0.891185 0.216667 0.206612
0 0.976389 0.170799 0.047222 0.209366
0 0.012500 0.275482 0.019444 0.093664
