0 0.031944 0.938017 0.058333 0.112948
0 0.498611 0.039945 0.180556 0.074380
0 0.295833 0.044077 0.208333 0.082645
0 0.968056 0.342975 0.058333 0.184573
1 0.790278 0.148760 0.419444 0.292011
1 0.473611 0.535813 0.408333 0.388430
0 0.045833 0.163912 0.086111 0.212121
0 0.515278 0.236915 0.191667 0.176309
0 0.743056 0.670799 0.208333 0.201102
0 0.087500 0.454545 0.169444 0.198347
0 0.166667 0.603306 0.161111 0.187328
0 0.893056 0.823691 0.202778 0.209366
0 0.304167 0.814050 0.208333 0.201102
0 0.233333 0.176309 0.211111 0.176309
0 0.481944 0.884298 0.186111 0.209366
0 0.837500 0.398072 0.169444 0.195592
0 0.987500 0.614325 0.025000 0.126722
