0 0.877778 0.384298 0.233333 0.223140
1 0.508333 0.539945 0.416667 0.396694
0 0.509722 0.971074 0.241667 0.052342
0 0.061111 0.411846 0.116667 0.179063
0 0.266667 0.050964 0.200000 0.096419
0 0.930556 0.103306 0.127778 0.190083
0 0.063889 0.652893 0.122222 0.176309
0 0.743056 0.146006 0.186111 0.192837
0 0.093056 0.176309 0.180556 0.192837
0 0.190278 0.519284 0.186111 0.190083
0 0.166667 0.840220 0.205556 0.214876
0 0.529167 0.837466 0.197222 0.165289
0 0.726389 0.907713 0.175000 0.179063
0 0.286111 0.307163 0.183333 0.190083
0 0.981944 0.655647 0.036111 0.143251
0 0.256944 0.986226 0.102778 0.027548
0 0.012500 0.848485 0.019444 0.110193
