0 0.0319444 0.192837 0.0638889 0.14876
0 0.388889 0.0220386 0.222222 0.0440771
0 0.945833 0.0316804 0.0972222 0.0633609
0 0.0305556 0.57989 0.0611111 0.179063
1 0.505556 0.517906 0.361111 0.369146
0 0.931944 0.96832 0.136111 0.0633609
0 0.365278 0.972452 0.241667 0.0550964
0 0.122222 0.949036 0.216667 0.0964187
0 0.0694444 0.785124 0.138889 0.214876
0 0.606944 0.944904 0.186111 0.110193
0 0.781944 0.0702479 0.191667 0.140496
0 0.145833 0.429752 0.191667 0.176309
0 0.894444 0.789256 0.194444 0.195592
0 0.359722 0.169421 0.225 0.179063
0 0.683333 0.761708 0.177778 0.190083
0 0.251389 0.683196 0.175 0.192837
0 0.608333 0.19146 0.205556 0.184573
0 0.430556 0.81405 0.177778 0.206612
0 0.830556 0.341598 0.188889 0.198347
0 0.916667 0.553719 0.161111 0.192837
