0 0.748611 0.030303 0.230556 0.055096
0 0.097222 0.696970 0.188889 0.187328
1 0.523611 0.528926 0.391667 0.391185
0 0.461111 0.961433 0.233333 0.077135
0 0.063889 0.455923 0.122222 0.217631
0 0.901389 0.573003 0.186111 0.247934
0 0.241667 0.531680 0.183333 0.280992
0 0.276389 0.096419 0.225000 0.187328
0 0.072222 0.911846 0.138889 0.176309
0 0.786111 0.925620 0.227778 0.148760
0 0.470833 0.797521 0.236111 0.179063
0 0.354167 0.279614 0.208333 0.173554
0 0.804167 0.276860 0.219444 0.239669
0 0.084722 0.203857 0.163889 0.220386
0 0.498611 0.190083 0.191667 0.209366
0 0.730556 0.741047 0.188889 0.198347
0 0.972222 0.407713 0.055556 0.148760
