0 0.427778 0.027548 0.333333 0.049587
1 0.493056 0.491736 0.358333 0.377410
0 0.193056 0.785124 0.219444 0.275482
0 0.043056 0.834711 0.080556 0.225895
0 0.068056 0.601928 0.130556 0.234160
0 0.162500 0.429752 0.252778 0.247934
0 0.191667 0.188705 0.233333 0.245179
0 0.065278 0.092287 0.125000 0.179063
0 0.425000 0.177686 0.216667 0.223140
0 0.891667 0.086777 0.216667 0.168044
0 0.647222 0.118457 0.266667 0.231405
0 0.770833 0.342975 0.213889 0.256198
0 0.850000 0.480716 0.266667 0.272727
0 0.869444 0.853994 0.238889 0.220386
0 0.926389 0.917355 0.147222 0.159780
0 0.490278 0.943526 0.247222 0.112948
