0 0.022222 0.063361 0.038889 0.121212
0 0.031944 0.946281 0.058333 0.107438
1 0.497222 0.498623 0.344444 0.352617
0 0.891667 0.066116 0.200000 0.126722
0 0.326389 0.706612 0.225000 0.245179
0 0.143056 0.502755 0.230556 0.212121
0 0.916667 0.938017 0.161111 0.118457
0 0.440278 0.928375 0.186111 0.143251
0 0.268056 0.143251 0.219444 0.209366
0 0.890278 0.166667 0.202778 0.217631
0 0.780556 0.783747 0.216667 0.245179
0 0.095833 0.790634 0.186111 0.220386
0 0.815278 0.511019 0.186111 0.217631
0 0.530556 0.783747 0.211111 0.168044
0 0.047222 0.314050 0.088889 0.236915
