0 0.427778 0.939394 0.25 0.115702
0 0.752778 0.0454545 0.211111 0.0909091
0 0.145833 0.438017 0.213889 0.231405
0 0.113889 0.0289256 0.227778 0.0578512
1 0.498611 0.502755 0.419444 0.426997
0 0.377778 0.896694 0.222222 0.206612
0 0.125 0.319559 0.211111 0.209366
0 0.866667 0.938017 0.2 0.123967
0 0.105556 0.895317 0.211111 0.203857
0 0.830556 0.550964 0.216667 0.225895
0 0.216667 0.719008 0.216667 0.209366
0 0.336111 0.121212 0.227778 0.236915
0 0.915278 0.767218 0.169444 0.22865
0 0.904167 0.187328 0.186111 0.214876
