0 0.0388889 0.651515 0.0777778 0.162534
1 0.491667 0.484848 0.4 0.369146
0 0.0583333 0.853994 0.116667 0.192837
0 0.0277778 0.146006 0.0555556 0.165289
0 0.906944 0.966942 0.186111 0.0661157
0 0.730556 0.0564738 0.211111 0.112948
0 0.341667 0.0358127 0.194444 0.0716253
0 0.944444 0.601928 0.111111 0.201102
0 0.0555556 0.418733 0.111111 0.214876
0 0.926389 0.192837 0.141667 0.198347
0 0.425 0.775482 0.205556 0.190083
0 0.581944 0.92562 0.208333 0.14876
0 0.647222 0.745179 0.2 0.184573
0 0.148611 0.0619835 0.191667 0.123967
0 0.218056 0.279614 0.180556 0.173554
0 0.534722 0.0909091 0.225 0.176309
0 0.886111 0.80303 0.205556 0.190083
0 0.238889 0.893939 0.222222 0.212121
0 0.684722 0.22865 0.191667 0.198347
