0 0.320833 0.954545 0.208333 0.085399
0 0.747222 0.146006 0.205556 0.209366
0 0.355556 0.075758 0.188889 0.146006
0 0.555556 0.057851 0.211111 0.110193
1 0.491667 0.491736 0.366667 0.355372
0 0.943056 0.898072 0.102778 0.181818
0 0.098611 0.438017 0.191667 0.220386
0 0.880556 0.494490 0.200000 0.195592
0 0.758333 0.820937 0.211111 0.209366
0 0.523611 0.837466 0.208333 0.209366
0 0.206944 0.622590 0.158333 0.209366
0 0.215278 0.333333 0.208333 0.181818
0 0.981944 0.359504 0.036111 0.134986
0 0.976389 0.652893 0.047222 0.170799
0 0.048611 0.794766 0.091667 0.206612
0 0.052778 0.228650 0.100000 0.209366
