0 0.684722 0.986226 0.241667 0.027548
0 0.180556 0.961433 0.222222 0.071625
0 0.425000 0.075758 0.255556 0.146006
0 0.070833 0.293388 0.136111 0.179063
0 0.900000 0.877410 0.194444 0.212121
0 0.834722 0.377410 0.230556 0.209366
0 0.791667 0.112948 0.211111 0.220386
0 0.505556 0.874656 0.194444 0.195592
1 0.490278 0.482094 0.413889 0.352617
0 0.173611 0.502755 0.180556 0.201102
0 0.827778 0.639118 0.238889 0.253444
0 0.605556 0.834711 0.222222 0.209366
0 0.261111 0.900826 0.194444 0.181818
0 0.113889 0.090909 0.222222 0.176309
0 0.281944 0.271350 0.208333 0.201102
0 0.033333 0.531680 0.061111 0.269972
0 0.020833 0.899449 0.036111 0.168044
