0 0.955556 0.760331 0.077778 0.220386
0 0.027778 0.293388 0.050000 0.179063
0 0.047222 0.870523 0.088889 0.220386
0 0.918056 0.491736 0.152778 0.256198
0 0.866667 0.041322 0.255556 0.077135
0 0.229167 0.944904 0.252778 0.104683
0 0.401389 0.199725 0.225000 0.212121
0 0.227778 0.064738 0.177778 0.123967
0 0.590278 0.045455 0.269444 0.085399
1 0.502778 0.539945 0.455556 0.429752
0 0.866667 0.921488 0.255556 0.157025
0 0.868056 0.582645 0.241667 0.223140
0 0.419444 0.863636 0.216667 0.201102
0 0.219444 0.760331 0.200000 0.231405
0 0.662500 0.822314 0.258333 0.228650
