0 0.937500 0.039945 0.119444 0.074380
0 0.593056 0.190083 0.219444 0.181818
0 0.855556 0.019284 0.250000 0.033058
1 0.381944 0.061983 0.375000 0.107438
1 0.504167 0.482094 0.425000 0.385675
0 0.059722 0.736915 0.113889 0.212121
0 0.666667 0.104683 0.216667 0.203857
0 0.190278 0.257576 0.236111 0.228650
0 0.931944 0.223140 0.125000 0.231405
0 0.880556 0.676309 0.227778 0.217631
0 0.841667 0.440771 0.194444 0.220386
0 0.155556 0.921488 0.277778 0.157025
0 0.130556 0.524793 0.188889 0.256198
0 0.813889 0.909091 0.211111 0.181818
0 0.254167 0.720386 0.225000 0.223140
0 0.512500 0.823691 0.225000 0.203857
0 0.458333 0.877410 0.277778 0.223140
