0 0.141667 0.059229 0.200000 0.112948
0 0.915278 0.023416 0.169444 0.041322
0 0.890278 0.176309 0.197222 0.253444
0 0.904167 0.837466 0.175000 0.225895
0 0.069444 0.931129 0.133333 0.121212
1 0.511111 0.504132 0.405556 0.418733
0 0.591667 0.039945 0.205556 0.074380
0 0.144444 0.552342 0.238889 0.228650
0 0.070833 0.743802 0.136111 0.225895
0 0.241667 0.743802 0.216667 0.203857
0 0.809722 0.629477 0.191667 0.234160
0 0.938889 0.522039 0.122222 0.234160
0 0.361111 0.169421 0.244444 0.256198
0 0.690278 0.179063 0.202778 0.231405
