0 0.629167 0.902204 0.197222 0.195592
0 0.479167 0.016529 0.230556 0.027548
0 0.406944 0.112948 0.169444 0.170799
0 0.943056 0.024793 0.102778 0.044077
0 0.929167 0.971074 0.136111 0.052342
0 0.316667 0.975207 0.183333 0.049587
0 0.969444 0.148760 0.050000 0.181818
0 0.059722 0.333333 0.113889 0.203857
1 0.501389 0.484848 0.386111 0.413223
0 0.095833 0.615702 0.186111 0.333333
0 0.954167 0.803030 0.086111 0.184573
0 0.788889 0.398072 0.200000 0.190083
0 0.768056 0.475207 0.158333 0.157025
0 0.430556 0.183196 0.188889 0.206612
0 0.434722 0.914601 0.180556 0.165289
0 0.068056 0.931129 0.130556 0.132231
0 0.420833 0.769972 0.163889 0.134986
0 0.945833 0.508264 0.108333 0.223140
0 0.616667 0.267218 0.183333 0.181818
0 0.922222 0.278237 0.144444 0.170799
0 0.258333 0.095041 0.211111 0.184573
0 0.240278 0.696970 0.180556 0.203857
0 0.784722 0.884298 0.230556 0.214876
0 0.655556 0.086777 0.200000 0.168044
0 0.616667 0.757576 0.177778 0.181818
0 0.823611 0.663912 0.208333 0.181818
0 0.022222 0.110193 0.038889 0.159780
