0 0.829167 0.579890 0.225000 0.234160
0 0.070833 0.690083 0.136111 0.195592
0 0.905556 0.213499 0.172222 0.201102
0 0.843056 0.129477 0.236111 0.209366
0 0.341667 0.946281 0.244444 0.107438
1 0.484722 0.491736 0.408333 0.404959
0 0.106944 0.260331 0.208333 0.250689
0 0.901389 0.566116 0.186111 0.201102
0 0.393056 0.066116 0.213889 0.126722
0 0.619444 0.079890 0.227778 0.154270
0 0.855556 0.858127 0.183333 0.162534
0 0.681944 0.241047 0.197222 0.184573
0 0.179167 0.475207 0.202778 0.217631
0 0.315278 0.199725 0.213889 0.201102
0 0.656944 0.904959 0.191667 0.179063
0 0.479167 0.830579 0.219444 0.195592
0 0.236111 0.696970 0.194444 0.198347
0 0.058333 0.126722 0.111111 0.220386
0 0.033333 0.480716 0.061111 0.195592
0 0.975000 0.851240 0.050000 0.209366
0 0.873611 0.966942 0.241667 0.066116
