0 0.972222 0.630854 0.055556 0.192837
0 0.516667 0.977961 0.205556 0.038567
0 0.754167 0.957300 0.241667 0.079890
0 0.080556 0.035813 0.155556 0.066116
1 0.483333 0.494490 0.383333 0.366391
0 0.054167 0.814050 0.102778 0.179063
0 0.287500 0.951791 0.208333 0.090909
0 0.877778 0.796143 0.200000 0.170799
0 0.516667 0.081267 0.222222 0.157025
0 0.666667 0.232782 0.200000 0.179063
0 0.166667 0.646006 0.200000 0.195592
0 0.256944 0.263085 0.197222 0.190083
0 0.429167 0.814050 0.191667 0.195592
0 0.880556 0.484848 0.183333 0.187328
