0 0.7 0.023416 0.194444 0.046832
0 0.895833 0.983471 0.208333 0.0330578
1 0.506944 0.490358 0.441667 0.407714
0 0.45 0.0316804 0.222222 0.0633609
0 0.654167 0.96281 0.258333 0.0743802
0 0.05 0.253444 0.1 0.214876
0 0.734722 0.329201 0.241667 0.212121
0 0.522222 0.830579 0.211111 0.212121
0 0.0819444 0.880165 0.163889 0.23416
0 0.294444 0.903581 0.227778 0.192837
0 0.884722 0.298898 0.230556 0.184573
0 0.281944 0.725895 0.247222 0.146006
0 0.163889 0.449036 0.205556 0.198347
0 0.0930556 0.606061 0.186111 0.220386
0 0.743056 0.694215 0.213889 0.253444
0 0.906944 0.545455 0.186111 0.225895
0 0.911111 0.838843 0.177778 0.201102
0 0.888889 0.0853994 0.216667 0.170799
0 0.241667 0.214876 0.205556 0.214876
0 0.634722 0.11157 0.202778 0.195592
