0 0.922222 0.0440771 0.144444 0.0881543
0 0.025 0.464187 0.05 0.157025
0 0.672222 0.9573 0.222222 0.0853994
0 0.0430556 0.665289 0.0861111 0.179063
1 0.4875 0.497245 0.336111 0.371901
0 0.205556 0.878788 0.294444 0.209366
0 0.456944 0.933884 0.236111 0.132231
0 0.7 0.918733 0.216667 0.162534
0 0.202778 0.674931 0.222222 0.181818
0 0.429167 0.0826446 0.208333 0.165289
0 0.904167 0.938017 0.186111 0.123967
0 0.663889 0.750689 0.227778 0.195592
0 0.940278 0.104683 0.113889 0.192837
0 0.208333 0.479339 0.194444 0.214876
0 0.897222 0.753444 0.2 0.217631
0 0.0916667 0.263085 0.183333 0.22865
0 0.444444 0.165289 0.216667 0.192837
0 0.775 0.22865 0.216667 0.242424
0 0.802778 0.46832 0.2 0.225895
0 0.933333 0.344353 0.122222 0.198347
0 0.209722 0.104683 0.191667 0.198347
