0 0.958333 0.589532 0.077778 0.176309
0 0.034722 0.837466 0.063889 0.192837
0 0.413889 0.048209 0.222222 0.090909
0 0.156944 0.046832 0.225000 0.088154
1 0.491667 0.484848 0.400000 0.363636
0 0.893056 0.840220 0.191667 0.203857
0 0.266667 0.891185 0.222222 0.157025
0 0.280556 0.683196 0.222222 0.209366
0 0.104167 0.555096 0.191667 0.184573
0 0.779167 0.632231 0.197222 0.245179
0 0.279167 0.209366 0.241667 0.154270
0 0.079167 0.360882 0.152778 0.148760
0 0.980556 0.090909 0.038889 0.170799
0 0.844444 0.020661 0.150000 0.035813
