0 0.111111 0.033058 0.216667 0.060606
0 0.548611 0.951791 0.258333 0.090909
0 0.831944 0.279614 0.236111 0.228650
0 0.702778 0.747934 0.216667 0.201102
0 0.418056 0.110193 0.219444 0.214876
0 0.958333 0.106061 0.072222 0.201102
1 0.504167 0.515152 0.430556 0.418733
0 0.829167 0.042700 0.275000 0.079890
0 0.118056 0.679063 0.230556 0.245179
0 0.891667 0.468320 0.205556 0.275482
0 0.756944 0.921488 0.213889 0.157025
0 0.329167 0.202479 0.230556 0.228650
0 0.893056 0.736915 0.197222 0.234160
0 0.336111 0.814050 0.255556 0.256198
0 0.094444 0.757576 0.183333 0.258953
