0 0.051389 0.982094 0.097222 0.024793
0 0.188889 0.016529 0.250000 0.027548
0 0.884722 0.017906 0.180556 0.030303
0 0.020833 0.853994 0.036111 0.165289
0 0.961111 0.056474 0.066667 0.107438
0 0.961111 0.683196 0.066667 0.159780
1 0.501389 0.494490 0.419444 0.415978
0 0.445833 0.048209 0.236111 0.090909
0 0.470833 0.899449 0.202778 0.157025
0 0.962500 0.206612 0.075000 0.170799
0 0.694444 0.964187 0.272222 0.066116
0 0.215278 0.763085 0.180556 0.198347
0 0.218056 0.918733 0.175000 0.162534
0 0.918056 0.938017 0.158333 0.118457
0 0.769444 0.099174 0.177778 0.176309
0 0.772222 0.696970 0.266667 0.203857
0 0.279167 0.119835 0.180556 0.206612
0 0.106944 0.632231 0.208333 0.212121
0 0.104167 0.264463 0.202778 0.220386
0 0.615278 0.185950 0.202778 0.179063
0 0.847222 0.381543 0.183333 0.162534
0 0.440278 0.947658 0.225000 0.104683
