0 0.177778 0.975207 0.222222 0.044077
1 0.494444 0.504132 0.427778 0.429752
0 0.705556 0.925620 0.238889 0.148760
0 0.434722 0.028926 0.208333 0.052342
0 0.579167 0.928375 0.225000 0.143251
0 0.102778 0.380165 0.200000 0.181818
0 0.948611 0.239669 0.091667 0.181818
0 0.058333 0.079890 0.111111 0.154270
0 0.891667 0.055096 0.205556 0.104683
0 0.798611 0.571625 0.180556 0.201102
0 0.283333 0.267218 0.188889 0.165289
0 0.222222 0.853994 0.194444 0.187328
0 0.426389 0.807163 0.236111 0.214876
0 0.706944 0.210744 0.186111 0.184573
0 0.518056 0.141873 0.191667 0.201102
0 0.202778 0.106061 0.183333 0.190083
0 0.880556 0.391185 0.188889 0.214876
0 0.876389 0.783747 0.208333 0.212121
0 0.104167 0.701102 0.191667 0.184573
0 0.688889 0.743802 0.188889 0.198347
0 0.170833 0.438017 0.197222 0.203857
0 0.038889 0.557851 0.072222 0.223140
0 0.976389 0.497245 0.047222 0.168044
