0 0.958333 0.0578512 0.0777778 0.115702
0 0.963889 0.414601 0.0666667 0.157025
0 0.191667 0.949036 0.222222 0.101928
1 0.506944 0.5 0.380556 0.38292
0 0.781944 0.0289256 0.213889 0.0578512
0 0.918056 0.915978 0.163889 0.168044
0 0.177778 0.0261708 0.227778 0.0523416
0 0.315278 0.199725 0.208333 0.173554
0 0.343056 0.0371901 0.225 0.0688705
0 0.943056 0.134986 0.108333 0.192837
0 0.544444 0.891185 0.205556 0.190083
0 0.475 0.84573 0.216667 0.15978
0 0.269444 0.268595 0.216667 0.201102
0 0.245833 0.910468 0.186111 0.173554
0 0.815278 0.899449 0.247222 0.201102
0 0.773611 0.673554 0.213889 0.22314
0 0.0680556 0.483471 0.136111 0.206612
0 0.6875 0.107438 0.225 0.214876
0 0.876389 0.563361 0.180556 0.201102
0 0.0819444 0.183196 0.163889 0.184573
0 0.115278 0.713499 0.225 0.203857
