0 0.0944444 0.984848 0.188889 0.030303
0 0.0541667 0.385675 0.108333 0.165289
0 0.215278 0.023416 0.219444 0.046832
1 0.502778 0.519284 0.416667 0.366391
0 0.577778 0.92562 0.255556 0.14876
0 0.318056 0.950413 0.269444 0.0991736
0 0.455556 0.0371901 0.216667 0.0743802
0 0.120833 0.163912 0.213889 0.206612
0 0.925 0.238292 0.138889 0.201102
0 0.747222 0.319559 0.205556 0.203857
0 0.0638889 0.837466 0.127778 0.220386
0 0.898611 0.910468 0.191667 0.173554
0 0.772222 0.0964187 0.205556 0.192837
0 0.730556 0.782369 0.25 0.214876
0 0.191667 0.466942 0.194444 0.217631
0 0.840278 0.561983 0.197222 0.192837
0 0.559722 0.179063 0.213889 0.198347
0 0.261111 0.775482 0.205556 0.22314
