0 0.825 0.0165289 0.177778 0.0330578
0 0.891667 0.0206612 0.216667 0.0413223
0 0.833333 0.980716 0.244444 0.0385675
0 0.970833 0.125344 0.0527778 0.157025
1 0.501389 0.512397 0.425 0.319559
0 0.0458333 0.885675 0.0916667 0.190083
0 0.958333 0.458678 0.0833333 0.190083
0 0.430556 0.933884 0.233333 0.132231
0 0.4125 0.053719 0.191667 0.101928
0 0.619444 0.0509642 0.211111 0.101928
0 0.901389 0.272727 0.186111 0.181818
0 0.525 0.199725 0.183333 0.179063
0 0.280556 0.738292 0.205556 0.192837
0 0.075 0.269972 0.15 0.165289
0 0.763889 0.848485 0.2 0.192837
0 0.8375 0.552342 0.197222 0.239669
0 0.0875 0.629477 0.175 0.184573
0 0.273611 0.336088 0.191667 0.181818
