0 0.865278 0.023416 0.186111 0.046832
0 0.593056 0.0550964 0.197222 0.104683
0 0.520833 0.950413 0.213889 0.0936639
1 0.498611 0.495868 0.452778 0.402204
0 0.790278 0.53719 0.130556 0.203857
0 0.688889 0.0661157 0.177778 0.132231
0 0.948611 0.928375 0.0972222 0.143251
0 0.904167 0.0991736 0.180556 0.192837
0 0.934722 0.407714 0.125 0.198347
0 0.0763889 0.517906 0.152778 0.220386
0 0.204167 0.378788 0.186111 0.184573
0 0.394444 0.212121 0.211111 0.181818
0 0.394444 0.815427 0.2 0.181818
0 0.933333 0.720386 0.127778 0.179063
0 0.130556 0.880165 0.205556 0.179063
0 0.0805556 0.115702 0.161111 0.181818
0 0.208333 0.677686 0.183333 0.192837
0 0.791667 0.294766 0.2 0.209366
0 0.7625 0.669421 0.175 0.187328
0 0.706944 0.88843 0.208333 0.190083
