0 0.922222 0.327824 0.144444 0.220386
0 0.966667 0.787879 0.061111 0.165289
0 0.595833 0.949036 0.191667 0.101928
0 0.881944 0.505510 0.208333 0.223140
0 0.793056 0.690083 0.225000 0.223140
0 0.861111 0.056474 0.205556 0.107438
1 0.479167 0.545455 0.402778 0.369146
0 0.115278 0.180441 0.213889 0.234160
0 0.143056 0.421488 0.213889 0.203857
0 0.834722 0.898072 0.219444 0.187328
0 0.179167 0.636364 0.208333 0.209366
0 0.304167 0.086777 0.219444 0.168044
0 0.102778 0.888430 0.200000 0.223140
0 0.040278 0.073003 0.075000 0.140496
0 0.043056 0.592287 0.080556 0.220386
0 0.248611 0.982094 0.130556 0.030303
0 0.979167 0.159780 0.041667 0.132231
