0 0.026389 0.431129 0.047222 0.157025
0 0.900000 0.022039 0.200000 0.038567
0 0.415278 0.968320 0.236111 0.052342
1 0.505556 0.477961 0.394444 0.344353
0 0.090278 0.957300 0.175000 0.079890
0 0.059722 0.776860 0.113889 0.236915
0 0.947222 0.706612 0.105556 0.190083
0 0.102778 0.176309 0.200000 0.220386
0 0.626389 0.900826 0.213889 0.192837
0 0.863889 0.853994 0.211111 0.170799
0 0.276389 0.746556 0.236111 0.236915
0 0.188889 0.414601 0.211111 0.234160
0 0.765278 0.323691 0.225000 0.206612
0 0.808333 0.571625 0.188889 0.195592
0 0.676389 0.112948 0.213889 0.209366
0 0.984722 0.426997 0.030556 0.165289
