0 0.518056 0.023416 0.263889 0.041322
1 0.493056 0.498623 0.430556 0.446281
0 0.761111 0.938017 0.216667 0.118457
0 0.944444 0.863636 0.100000 0.234160
0 0.191667 0.360882 0.216667 0.209366
0 0.379167 0.820937 0.225000 0.192837
0 0.888889 0.231405 0.211111 0.214876
0 0.648611 0.190083 0.219444 0.187328
0 0.393056 0.213499 0.230556 0.179063
0 0.909722 0.608815 0.169444 0.247934
0 0.133333 0.535813 0.211111 0.234160
0 0.090278 0.785124 0.175000 0.214876
0 0.016667 0.261708 0.027778 0.154270
0 0.363889 0.983471 0.155556 0.033058
