0 0.644444 0.972452 0.233333 0.055096
0 0.141667 0.475207 0.172222 0.157025
1 0.463889 0.495868 0.400000 0.402204
0 0.059722 0.088154 0.113889 0.170799
0 0.905556 0.075758 0.183333 0.146006
0 0.098611 0.925620 0.191667 0.148760
0 0.944444 0.276860 0.100000 0.168044
0 0.243056 0.090909 0.191667 0.176309
0 0.927778 0.914601 0.133333 0.170799
0 0.113889 0.286501 0.200000 0.209366
0 0.606944 0.084022 0.197222 0.162534
0 0.772222 0.220386 0.194444 0.209366
0 0.358333 0.909091 0.188889 0.181818
0 0.083333 0.552342 0.161111 0.184573
0 0.580556 0.767218 0.211111 0.173554
0 0.811111 0.444904 0.216667 0.190083
0 0.209722 0.750689 0.180556 0.195592
0 0.811111 0.699725 0.194444 0.225895
0 0.981944 0.490358 0.036111 0.132231
