0 0.954167 0.866391 0.086111 0.184573
0 0.915278 0.367769 0.169444 0.272727
0 0.416667 0.898072 0.233333 0.192837
0 0.791667 0.028926 0.283333 0.052342
0 0.743056 0.183196 0.252778 0.267218
0 0.133333 0.039945 0.261111 0.074380
1 0.497222 0.501377 0.433333 0.446281
0 0.338889 0.122590 0.277778 0.206612
0 0.211111 0.626722 0.244444 0.250689
0 0.065278 0.542700 0.125000 0.220386
0 0.041667 0.179063 0.077778 0.286501
0 0.737500 0.735537 0.202778 0.231405
0 0.918056 0.677686 0.163889 0.187328
0 0.840278 0.786501 0.136111 0.140496
0 0.676389 0.984848 0.186111 0.030303
