0 0.112500 0.979339 0.191667 0.041322
0 0.966667 0.475207 0.055556 0.173554
0 0.961111 0.935262 0.066667 0.129477
1 0.456944 0.468320 0.358333 0.347107
0 0.038889 0.393939 0.072222 0.170799
0 0.441667 0.041322 0.244444 0.077135
0 0.058333 0.143251 0.111111 0.203857
0 0.051389 0.629477 0.097222 0.195592
0 0.793056 0.358127 0.219444 0.236915
0 0.673611 0.874656 0.241667 0.201102
0 0.830556 0.108815 0.200000 0.190083
0 0.229167 0.629477 0.191667 0.190083
0 0.866667 0.606061 0.205556 0.214876
0 0.429167 0.803030 0.213889 0.217631
0 0.666667 0.662534 0.188889 0.190083
0 0.170833 0.304408 0.163889 0.179063
0 0.602778 0.159780 0.216667 0.203857
0 0.020833 0.915978 0.036111 0.162534
