1 0.49031364501127395 0.35592014867531 0.24501920095828633 0.2646077015219842
0 0.10926049887260428 0.1405787591600902 0.20042981961668543 0.22005795518602028
0 0.9494807814261554 0.06127792065952649 0.10103843714768879 0.12255584131905298
0 0.8936328565388951 0.40290084202367527 0.2062958004509583 0.21829639937993228
0 0.12382856538895151 0.37590059540586246 0.2157289317925592 0.22966724210822997
0 0.2863430982243517 0.5347202649379932 0.22948227874859073 0.21770187429537768
0 0.5266237140642616 0.5965817009582863 0.23282923478015782 0.21063803551296506
0 0.8264052811443067 0.6209814508173619 0.214702825535513 0.20782395011273957
0 0.9718525401634723 0.5859154805524238 0.05629491967305522 0.21033857102593012
0 0.9370794285512964 0.8129469947857948 0.125841142897407 0.24554766770011272
0 0.7622802459131904 0.8502611506482525 0.20137665586245768 0.21270345969560311
0 0.5400181440248027 0.8090935914599774 0.2199478579481398 0.20416872181510715
0 0.22418439966178128 0.9648261344419391 0.22081102029312286 0.0703477311161218
0 0.022671223224351746 0.8725734568771139 0.04534244644870349 0.16940882187147688
0 0.7102791185174746 0.9806382997463359 0.1934584625140925 0.03872340050732803
0 0.9526383702085681 0.9752237175873731 0.09472325958286354 0.04955256482525372
