1 0.6189270363585118 0.8460312147688839 0.40107102593010147 0.30793757046223225
0 0.07332476042841037 0.19273402268883877 0.14664952085682073 0.2263643249718151
0 0.19683624577226605 0.08900480904735061 0.2190846956031567 0.17800961809470123
0 0.39749947153325815 0.02595872674746336 0.19112880496054113 0.05191745349492672
0 0.5426142368940248 0.06533610484780157 0.24326645293122878 0.13067220969560314
0 0.8778250951240134 0.03869477522547914 0.23515448844419395 0.07738955045095829
0 0.9761815635569335 0.1320572329481398 0.04763687288613305 0.1745569687147689
0 0.3476078072153326 0.21727469701240135 0.19735590473506198 0.20982771984216458
0 0.1044734709695603 0.4287891065388952 0.2089469419391206 0.22862352029312294
0 0.7871468080608792 0.15586245772266066 0.21057638105975196 0.2032130777903044
0 0.6348999436302143 0.24848286006200676 0.24174711104847801 0.24668387119503946
0 0.5437152092728297 0.4000427177282976 0.23143760569334837 0.20358740839909806
0 0.9216019588500564 0.3461258983934611 0.15679608229988728 0.2306184822435175
0 0.6289877219560316 0.5271653924746336 0.22181951099210828 0.2023807426719278
0 0.2104332546505073 0.6033724985907554 0.20013475901916572 0.19861541713641484
0 0.12210224069898534 0.7463976183765502 0.2190582722660654 0.20516840473506204
0 0.3526678762683202 0.6822946025930101 0.20346850338218714 0.18936724915445324
0 0.48643161640360766 0.7077226606538896 0.17516030157835405 0.18680418545659527
0 0.8742865698985343 0.7321972766347238 0.20814543404735064 0.24082669813979707
0 0.9152801754509582 0.570922438697858 0.1694396490980834 0.19770381200676435
0 0.19201839064261553 0.9151304432074407 0.19646631905298756 0.1697391135851184
0 0.3082128135569335 0.944251162626832 0.19635622181510706 0.11149767474633598
