1 0.5251836421927847 0.5869570004227733 0.4133887049041714 0.3840059540586246
0 0.06224017051860203 0.07600893108793687 0.12448034103720405 0.15201786217587374
0 0.25696034737880497 0.054163437147688835 0.2320453424464487 0.10832687429537767
0 0.4693357173055242 0.09043166925028184 0.2061372604284103 0.1808633385005637
0 0.7548552881905299 0.05091997251972942 0.20126215473506204 0.10183994503945884
0 0.7652903043968433 0.11153730975197294 0.19407941093573844 0.1740769447576099
0 0.9633750528466742 0.05353147900225478 0.07324989430665163 0.10608529453213077
0 0.9479724492671928 0.1499238127113867 0.10405510146561447 0.1801058695039459
0 0.27546328917700114 0.22347537344983087 0.2381975760992108 0.21780756764374296
0 0.5232415269165727 0.24942088852874855 0.2272539106538895 0.18218450535512962
0 0.6645227064543404 0.261538190529876 0.20031972237880502 0.19927600056369787
0 0.7420906144306652 0.3130945250845547 0.1847167418263811 0.18833673900789177
0 0.9605015149379932 0.28967684258737314 0.07899697012401352 0.20988497040586246
0 0.9196686513528749 0.4043056827790304 0.1606626972942503 0.19672614853438553
0 0.9120367108229989 0.6104319334836528 0.17592657835400227 0.2153149661781285
0 0.8054824020574971 0.728848118658399 0.19150313556933485 0.18623167981961664
0 0.08878901846110485 0.4536886978579481 0.1775780369222097 0.19648393461104846
0 0.11534006834836527 0.40891875704622316 0.1915383666854566 0.1697787485907553
0 0.2516646702367531 0.4348400507328072 0.19769060033821867 0.18072681792559186
0 0.059009917559188274 0.7066613232807215 0.11801983511837655 0.23523816234498307
0 0.21146816868658397 0.644322065248027 0.1924719912626832 0.22336087232243518
0 0.08705388599210823 0.9175613902198421 0.17410777198421645 0.16487721956031565
0 0.3046456630496054 0.9237268355411499 0.2109154805524239 0.15254632891770015
0 0.5194299605411499 0.8816190459413754 0.21691798196166856 0.1895345969560316
0 0.6453679890078917 0.9058976888387824 0.19190388951521986 0.1765343151071026
0 0.8237056968714769 0.9180436161217587 0.17486524098083422 0.1610502395715896
0 0.970161446589628 0.8044474880214205 0.05967710682074412 0.19630337514092444
0 0.9616289106538896 0.9594203600620068 0.076742178692221 0.08115927987598648
