0 0.14432157963827305 0.16483736872812133 0.2519234976662777 0.2128154171528588
0 0.21487109830805134 0.029100878792298713 0.2366813739789965 0.058201757584597426
0 0.5573607971120186 0.060150324533255535 0.1887261158109685 0.12030064906651107
0 0.7422718239498249 0.06471749197782964 0.22437007730455072 0.12943498395565928
0 0.8439391591306884 0.15921729142357058 0.2831324752042007 0.2232533547257876
0 0.748589283109685 0.3133751458576429 0.23836329492415398 0.20704492415402564
0 0.10160124343640606 0.3732907307467911 0.20320248687281212 0.1967163798133022
0 0.3099748395565928 0.4581889950408401 0.23848636231038506 0.19164782672112013
0 0.1223198658109685 0.6053092182030337 0.24127588973162192 0.225769399066511
0 0.11408346703617267 0.8789996900525088 0.20855819719953322 0.21045890460910155
0 0.35371390023337224 0.8640105382147024 0.21369056301050177 0.1993600495915986
0 0.8874685494457408 0.4748896951575262 0.20450608955659277 0.25247046382730454
0 0.975270292444574 0.7201402056592765 0.049459415110851834 0.17163798133022168
0 0.49188438958576425 0.9618468312427071 0.19052198803967324 0.07630633751458571
0 0.6159705002917153 0.9009421492123687 0.228558926487748 0.1981157015752626
0 0.7511531869894981 0.9080777785880979 0.19252297257876305 0.18384444282380397
0 0.9348403770420068 0.9004384845390898 0.13031924591598598 0.18661573803967324
1 0.9348403770420068 0.9004384845390898 0.13031924591598598 0.18661573803967324
1 0.5418930498833139 0.5910812609393232 0.5997848599766628 0.40948165840140016
