1 0.6652316401691949 0.6935576502333721 0.324300794924154 0.33095099183197196
0 0.1296788397024504 0.05795106476079346 0.252119493873979 0.11590212952158692
0 0.3143710800758459 0.0620054514294049 0.2141600422987164 0.1240109028588098
0 0.7150784896441074 0.06793775525087514 0.23794395420070014 0.13587551050175029
0 0.5150324533255543 0.13853285443407237 0.256937354142357 0.2661810822637106
0 0.2851585290256709 0.24659741467327884 0.2665776327304551 0.22991266773628935
0 0.07126741175612601 0.2264166423570595 0.14253482351225202 0.25134918319719946
0 0.12343886741540255 0.41451374708284705 0.21145255980163358 0.17617780046674442
0 0.05166095390898483 0.5820039016919487 0.10332190781796965 0.23629849766627775
0 0.2229137799008168 0.5241212077012836 0.22533638418903146 0.26024649941656947
0 0.40892557613768954 0.4367342473745624 0.2129795070011668 0.24493144690781798
0 0.6691629594515751 0.34341498322637104 0.2419869457409568 0.23179058488914817
0 0.9010492634189031 0.11599784859976661 0.19790147316219364 0.20151144982497082
0 0.9009444282380397 0.3290160990373395 0.19811114352392067 0.2169495697199533
0 0.9068106403150524 0.537439833722287 0.17104543465577593 0.2136905630105017
0 0.8144189396149357 0.5355824278004667 0.18661573803967324 0.2533045872228705
0 0.5811447090140023 0.49596156651108514 0.2390925831388565 0.2181574533255543
0 0.12306966525670944 0.7433794304259043 0.2273966233955659 0.21893688010501755
0 0.3689947673570595 0.7545648884189031 0.24607551779463238 0.24659513564760793
0 0.20298370040840136 0.8872885064177362 0.216379813302217 0.21447454784130682
0 0.040831023920653436 0.8326648191365227 0.08166204784130687 0.22152129521586927
0 0.4666419012543757 0.8916049810385063 0.2249717400816803 0.21254193407234534
0 0.8926191474620769 0.8434901910735122 0.2100395638856476 0.22672658984830807
