1 0.6114998766910935 0.6761093397688839 0.33690195180383314 0.43221092869222094
0 0.10151405721533258 0.10968547421082299 0.20302811443066515 0.2013942714205186
0 0.22336307426719276 0.06719234427846674 0.20007310456595262 0.13438468855693347
0 0.5311421047068772 0.020445057074408118 0.16588130636978582 0.040890114148816235
0 0.42488946237316794 0.14941075958286357 0.2177591248590755 0.23556405016910933
0 0.27717199830890643 0.22974871406426156 0.2057144870349493 0.2169135780721533
0 0.08961474774520857 0.3769707405580609 0.17922949549041714 0.22804661076662908
0 0.9065935033821871 0.07452041643179255 0.18681299323562572 0.1490408328635851
0 0.9640862810033821 0.14827235414317927 0.07182743799323565 0.18679978156708005
0 0.7190868975479143 0.08708030932919955 0.23282923478015782 0.1741606186583991
0 0.7133508314543404 0.15218520997745205 0.21505073280721532 0.20390008455467865
0 0.8795183906426156 0.2814635886414881 0.2344806933483653 0.18572523252536638
0 0.29847801578354 0.4025859639233371 0.21302494363021418 0.17123203213077792
0 0.43500960047914317 0.40660010921645995 0.1757636344419391 0.1742663120067644
0 0.4827499647688839 0.3520623414599775 0.17619961950394591 0.16092252677564828
0 0.5466481996899661 0.3034434012119504 0.1619530369222097 0.14090244503945884
0 0.684547192080045 0.35132468996617816 0.21230710963923338 0.17586492390078917
0 0.9692410336809469 0.42603227170236746 0.06151793263810601 0.19145469278466737
0 0.9702429185456596 0.5704776458568207 0.059514162908680945 0.15970705326944756
0 0.9126598611894025 0.8616760322717023 0.1746802776211951 0.18577807919954903
0 0.9558377959413754 0.7332784315107101 0.08832440811724918 0.16461739007891774
0 0.7228588289177 0.9579032201240135 0.2213394870349492 0.08419355975197296
0 0.07562799464487034 0.6242931757328072 0.15125598928974068 0.2309267545095829
0 0.20759935174746336 0.8520623414599775 0.1904594137542277 0.21224545518602034
0 0.06380134935174744 0.9362206700958285 0.1255592939684329 0.1275586598083427
