1 0.6949183518883877 0.32389726606538893 0.3873969489853438 0.3764180524239007
0 0.1588284773111612 0.0661177952367531 0.21321431087936865 0.1322355904735062
0 0.25676217235062004 0.14401819687147688 0.23337531708004508 0.21450905439684329
0 0.4296126338782412 0.1389999647688839 0.16640536922209698 0.25005284667418265
0 0.9382222378804961 0.44666669602593007 0.11487105411499432 0.24557409103720407
0 0.628635410794814 0.08721462795941373 0.21379562429537768 0.17238585118376548
0 0.8014792664881624 0.05799922491544531 0.15990082440811726 0.11418404735062006
0 0.9057633702085681 0.04607789599774521 0.18328547773393467 0.09215579199549041
0 0.06977962936865839 0.22447065248027057 0.13955925873731678 0.20042981961668543
0 0.05771077015219842 0.34728852522547915 0.11542154030439684 0.21164652621195038
0 0.0983234392615558 0.5270641030157835 0.1966468785231116 0.20249524379932354
0 0.40375299464487036 0.5783077614148816 0.21340367812852312 0.23570937852311163
0 0.8215015501691094 0.588562218151071 0.23175908962795944 0.17484322153325815
0 0.6872709977452085 0.6269178938838782 0.1768866262683202 0.18698474492671924
0 0.21948985343855693 0.6941586809470124 0.21315706031567083 0.19262612739571594
0 0.036882574689966176 0.7663736612175873 0.07376514937993235 0.20223541431792558
0 0.1405127008173619 0.9120763458286358 0.2810254016347238 0.17584730834272833
0 0.3246811583990981 0.8871965720124013 0.25684364430665163 0.22560685597519725
0 0.5879500775084554 0.8281514233370912 0.20695638387824128 0.22857948139797069
0 0.8228139092446448 0.776322047632469 0.262119503945885 0.20205925873731678
0 0.7673975655298759 0.9372996230270574 0.21857824830890638 0.12047720546786922
0 0.9380703036922209 0.8665709554678691 0.1210585188838782 0.24914564543404738
