0 0.189993254084014 0.10514740738039673 0.24591598599766623 0.21029481476079345
0 0.5121289746207701 0.03328972797549591 0.20111945740956827 0.06657945595099182
0 0.8310626640898482 0.06247948876896149 0.22932923716452736 0.12495897753792298
0 0.31125565198366395 0.15584433343057175 0.22700918903150527 0.20945157526254377
0 0.12924354579929986 0.29914263054259044 0.21335326721120185 0.20518068115519253
0 0.08585317605017502 0.4263487273920653 0.17170635210035004 0.2393842984247374
0 0.19901363768961494 0.5238750729288214 0.21496681738623105 0.23327195157526254
0 0.3291118181155192 0.36482870843057175 0.21127023774795795 0.1854716671528588
0 0.5596603340140023 0.3472232351225204 0.22299810385064173 0.2188867415402567
0 0.7566160115227536 0.20577094880396732 0.2511896514002333 0.23162649504084015
0 0.926193753646441 0.27252133168028003 0.14761249270711785 0.20726371061843635
0 0.806387653150525 0.445975696470245 0.1919577742123687 0.20002096703617267
0 0.47519964264877473 0.4922535917444574 0.23256089556592763 0.22518141044340717
0 0.3938201939906651 0.6201251640898482 0.23948001750291714 0.22732369457409562
0 0.028032015752625435 0.7110081497957993 0.05606403150525087 0.1798287995915986
0 0.18478112237456243 0.7447468458284713 0.20483426925320886 0.20533565490081673
0 0.08879084014002334 0.8969128318261376 0.17758168028004667 0.19587314031505243
0 0.6634973016336055 0.597284768815636 0.19811114352392067 0.2080157890898483
0 0.9784518122812134 0.05008158911901983 0.04309637543757294 0.10016317823803966
0 0.8521641627771294 0.6640830112310384 0.21533146149358218 0.2127288141773629
0 0.9241107241831972 0.6211370514877479 0.14454948220536756 0.2382265533838973
0 0.45315006928238033 0.8195649795799298 0.2072500364644107 0.20915074387397892
0 0.4058648446616102 0.9086247447491247 0.2120359903733955 0.17116394399066504
0 0.584937007730455 0.9614160953908985 0.20205385793465575 0.07214483663943994
0 0.6799154025670945 0.8184892794632437 0.2363440781796966 0.22076465869311546
0 0.8053301852392065 0.8880565380688447 0.22475751166861146 0.22053219807467905
0 0.9127406651108517 0.9312190052508751 0.16846557759626601 0.13756198949824971
