1 0.7510789529312288 0.48170183906426156 0.33713535794813976 0.40448844419391206
1 0.3419620208568207 0.7466750634160089 0.3364483511837655 0.3740927987598647
0 0.05520936090755355 0.06703820814543404 0.1104187218151071 0.13407641629086808
0 0.4017866579763247 0.035191481116121755 0.20385164177001125 0.07038296223224351
0 0.15102038120067643 0.17401308835963925 0.21741562147688837 0.22443542136414885
0 0.05906276423337091 0.35055621124577224 0.11812552846674182 0.24243852170236754
0 0.6689001726324689 0.1075319722378805 0.23583268742953778 0.2088280369222097
0 0.5223034984498309 0.13092102945321307 0.23164899239007897 0.2285222308342728
0 0.3749559611048478 0.2281412943912063 0.18195990698985343 0.21312623308906425
0 0.2569603473788049 0.291235819475761 0.20640589768883874 0.18861418404735064
0 0.21862448914881621 0.38873132750845546 0.17076081595264936 0.16179890078917702
0 0.17150507328072154 0.492260164177001 0.21026810879368657 0.21464997886133025
0 0.5441798196166854 0.3117535407271702 0.17670166290868095 0.18313574549041717
0 0.35367636696730553 0.4621551754509583 0.13528748590755352 0.17835312147688837
0 0.4848858511837655 0.42380170166290865 0.16773534385569328 0.14364166431792558
0 0.48702614148816237 0.5676041079481398 0.17205115558060885 0.21411710822998875
0 0.9630645786358512 0.7801336140078916 0.07387084272829758 0.134736999718151
0 0.8108551472660653 0.785799217869222 0.19060474210822997 0.17731820744081173
0 0.8744407060315671 0.9618865381905299 0.1762348506200676 0.07622692361894023
0 0.908643513951522 0.9400124189684329 0.18271297209695603 0.11401229565952653
0 0.6247731996899661 0.8756517756482525 0.16014744222096955 0.14205186020293126
0 0.5304528959977453 0.9077891593855694 0.1942379509582864 0.1540788824689966
0 0.05110493587936866 0.6167515149379932 0.10220987175873732 0.1738215191657272
0 0.05538551648816234 0.7475932743799323 0.11077103297632468 0.21113567502818487
0 0.08370692996054115 0.8022345335400225 0.1674138599210823 0.20173337091319055
0 0.04066771772829763 0.9551728086245772 0.08133543545659526 0.08965438275084558
