1 0.5835968327226606 0.34519447576099205 0.2673116896843291 0.3641312006764374
0 0.12137559892897407 0.06423733441375422 0.24275119785794813 0.12847466882750844
0 0.36580247674746336 0.07957608159526493 0.21286199971815106 0.15915216319052986
0 0.9133710893461104 0.10971630143742954 0.173257821307779 0.20808818348365274
0 0.37575526705186024 0.2615249788613303 0.19566040727170236 0.18839839346110485
0 0.12628593573844418 0.4256183060879368 0.215905087373168 0.22232595828635854
0 0.09719604354565953 0.5311773358229989 0.19439208709131905 0.17993852170236752
0 0.337359956313416 0.4002034596956031 0.19843045377677565 0.23891100620067646
0 0.8986819158680948 0.3321435491826381 0.2026361682638106 0.21891294391206312
0 0.3496908469560316 0.5822184153043968 0.2251356397970688 0.23014286217587365
0 0.24812614501127397 0.680980041572717 0.21095951944757613 0.20146473365276207
0 0.10350021138669671 0.715323773957159 0.201442714205186 0.193489289740699
0 0.0484515924464487 0.8829512225197294 0.0969031848928974 0.1741165797632469
0 0.23550459766065387 0.8966913578072153 0.2225241333145434 0.19428639374295376
0 0.4337060491826381 0.7966283821871476 0.22794091741826383 0.21119292559188274
0 0.5437482384441938 0.561969331313416 0.20872674746335956 0.1757900577790304
0 0.739692696589628 0.5121283117249154 0.1894421152762119 0.20847132187147682
0 0.9035548196166854 0.5440168757046223 0.19289036076662913 0.22132187147688837
0 0.6421707652198422 0.7298345899098083 0.19901176719278468 0.1956471956031567
0 0.5001827614148816 0.9465632046223225 0.2053225408680947 0.10687359075535519
0 0.6242359251691093 0.8731041255636979 0.17904893602029315 0.21012278043968435
0 0.8249630073280722 0.6920866509301015 0.1441481116121759 0.19023481538895148
0 0.9441454692784667 0.7397433413190531 0.11170906144306647 0.2067714205186021
0 0.8088403678128523 0.9145601395152197 0.19748802142051858 0.16341953213077787
0 0.9591825500281849 0.9271332440811724 0.08163489994363027 0.14008772547914317
