1 0.4437447153325817 0.4912472695885005 0.346013599210823 0.4090728931792558
0 0.08072549675873732 0.14681466671364152 0.16145099351747463 0.2514576874295378
0 0.316236700253664 0.046888211668545655 0.22484057919954903 0.09377642333709131
0 0.5797434293968433 0.03179828424464487 0.21120613726042842 0.06359656848928974
0 0.47774714627959414 0.13721418757046222 0.25308272266065396 0.22505196589627957
0 0.20211650930101466 0.16629967587373168 0.1959818912063134 0.2188204622322435
0 0.3732890889233371 0.2237440107102593 0.23243288472378804 0.1978051014656144
0 0.1653528396279594 0.35297835047914317 0.2314420095828636 0.2110035583427283
0 0.9094934646279593 0.11862536992671928 0.18101307074408113 0.23725073985343856
0 0.8039168193348365 0.23500475620067646 0.2066481116121759 0.22972449267192788
0 0.6873965085963922 0.361508684470124 0.22333444898534383 0.24827807919954906
0 0.9713813239853437 0.36344199196730553 0.05723735202931224 0.18799763951521986
0 0.959197963641488 0.5882605517192785 0.08160407271702363 0.20909227029312288
0 0.8578006094983088 0.5088055770856821 0.22100038754227735 0.24826046364148813
0 0.09973488585118376 0.5428366333145433 0.19946977170236752 0.2251972942502819
0 0.02033495983652762 0.6425076627677564 0.04066991967305524 0.16092252677564822
0 0.1009393496335964 0.7505460822998873 0.1950702860766629 0.1728878945885005
0 0.2929313169391206 0.7082577332299886 0.2013326169673055 0.2665189895715896
0 0.6548451592446448 0.660918122886133 0.21947223788049608 0.2003417418263811
0 0.9171848576662909 0.7992376867249154 0.16563028466741825 0.23742689543404738
0 0.03588509371476888 0.9115853121476887 0.07177018742953777 0.16397001832018032
0 0.12857816023111612 0.9447642157553551 0.20415110625704622 0.11047156848928974
0 0.3525731926437429 0.9232842446448704 0.21503752113866967 0.1534315107102593
0 0.4988175556651635 0.8701315001409244 0.20630901211950398 0.22241843996617805
0 0.7199104248872604 0.8910147442220968 0.21157606397970685 0.205049499718151
0 0.8868860978015785 0.9546993905016911 0.17411217587373173 0.08673460400225474
