1 0.5218543017192784 0.48464143531567083 0.41744028325817356 0.42159755496054113
0 0.02865831102029312 0.04605587655016911 0.05731662204058624 0.09211175310033821
0 0.17268531567080045 0.015715279735062006 0.19296082299887257 0.03143055947012401
0 0.17927573633032695 0.15024309470124012 0.21325834977452085 0.199179114994363
0 0.11976377536640359 0.24452156144306653 0.20258772547914317 0.18476078072153326
0 0.160686918686584 0.32414608582299886 0.19398692925591882 0.2146764021984216
0 0.3597977733934611 0.2177327015219842 0.1967833990980834 0.17024556087936868
0 0.4488950641206314 0.18467050098647125 0.20685509441939126 0.14173918404735064
0 0.6765607384441938 0.08961254580045096 0.22194722378804954 0.17922509160090191
0 0.8459321272547914 0.03144597308342728 0.14067344278466742 0.06289194616685456
0 0.9501039317925593 0.11480939966178129 0.09744045941375423 0.2259195321307779
0 0.7288371089346111 0.2725919532130778 0.18934522970687706 0.17987246335963925
0 0.8576398675310033 0.23367037767756482 0.1987299182638106 0.23714945039458848
0 0.8319938169391206 0.3891871300732807 0.1725047562006764 0.19085135992108226
0 0.9179203072153326 0.3687596885569335 0.16037204058624577 0.2221850338218715
0 0.22866535724351744 0.5322430770856821 0.172416678410372 0.22819634301014657
0 0.30197910794813976 0.7059346815107103 0.2054150225479143 0.20829516629086808
0 0.14576433906426153 0.7608820109921082 0.2092111753100338 0.1971533258173619
0 0.07341504016347238 0.8073562570462232 0.14683008032694475 0.21970124013528747
0 0.17157993940248029 0.9406223576662909 0.2319968996617813 0.11875528466741825
0 0.2448672667700113 0.9212298301860202 0.2080001056933484 0.15754033962795944
0 0.43411781285231116 0.8633517122322435 0.19762894588500568 0.22531179537767754
0 0.557351853156708 0.9495248203213077 0.19768179255918827 0.10095035935738439
0 0.7757517439402479 0.9675433342728297 0.18741632609921088 0.06491333145434053
