1 0.5088694334836528 0.7689036957440811 0.36298618940248023 0.37740892756482525
0 0.059126620631341595 0.06586016770011274 0.11825324126268319 0.13172033540022549
0 0.43750880777903045 0.05851668193348365 0.20988937429537763 0.1170333638669673
0 0.5059254333427283 0.12021957793122885 0.2179264726606539 0.20946219701240135
0 0.5794946096392334 0.16727293545659527 0.21943700676437433 0.2104002254791432
0 0.741176807356257 0.05325403396279594 0.21597114571589626 0.10650806792559188
0 0.9192723012965051 0.05179854847801578 0.15540445321307783 0.10359709695603156
0 0.824348664740699 0.1487303586527621 0.21073051719278468 0.20113884582863584
0 0.8644835118376549 0.32312658540022543 0.18043616121758732 0.20096709413754227
0 0.7023521173900789 0.31256165445321304 0.22315829340473503 0.2032571166854566
0 0.0664943277903044 0.368598946589628 0.1329886555806088 0.20943577367531002
0 0.10027216037204058 0.4138445074689966 0.20054432074408116 0.19360819475760987
0 0.23226333497745208 0.3841865135287486 0.17292752959413754 0.18813416009019168
0 0.4355424711104848 0.3629619680101466 0.2026890149379933 0.1911420166290868
0 0.09510199408117248 0.6501792383032694 0.19020398816234496 0.20112123027057494
0 0.2979407412626832 0.5211716988444194 0.195092305524239 0.17039969701240137
0 0.29828644658962794 0.6038106855975197 0.19376673478015782 0.22889215755355125
0 0.5873357349210824 0.5520517721251409 0.2214671998308907 0.19696395856820748
0 0.7018016312006763 0.4764854319334837 0.20718098224351744 0.19998502677564828
0 0.9186359392615557 0.49028942361894023 0.16272812147688842 0.21283117249154454
0 0.914022864994363 0.7157421434611049 0.17195427001127395 0.19806052705749722
0 0.9257834519447576 0.8156069440529876 0.14843309611048483 0.18724897829763243
0 0.1710074337655017 0.809225708145434 0.2562359075535513 0.2179969348928974
0 0.15709114289740697 0.9634675345264937 0.22995349492671927 0.07306493094701239
0 0.9426459448985344 0.8914441234498308 0.11470811020293126 0.18920870913190524
0 0.9858436971533258 0.29968468151071026 0.02831260569334837 0.11503840191657269
0 0.236017650789177 0.02734595194475761 0.16032800169109357 0.05469190388951522
