1 0.765625 0.208984 0.398438 0.410156
0 0.544922 0.062500 0.191406 0.117188
0 0.343750 0.083984 0.218750 0.160156
0 0.201172 0.162109 0.222656 0.292969
0 0.109375 0.337891 0.210938 0.246094
0 0.082031 0.039062 0.156250 0.070312
0 0.207031 0.500000 0.195312 0.210938
0 0.648438 0.503906 0.234375 0.226562
0 0.902344 0.455078 0.195312 0.277344
0 0.046875 0.669922 0.085938 0.214844
0 0.207031 0.722656 0.218750 0.234375
0 0.417969 0.664062 0.210938 0.226562
0 0.498047 0.845703 0.191406 0.183594
0 0.736328 0.716797 0.214844 0.253906
0 0.957031 0.732422 0.085938 0.230469
0 0.798828 0.927734 0.222656 0.144531
0 0.039062 0.912109 0.070312 0.167969
0 0.167969 0.927734 0.164062 0.144531
0 0.353516 0.925781 0.183594 0.148438
0 0.574219 0.974609 0.164062 0.050781
