1 0.735046593151071 0.29189199901352875 0.38098488585118373 0.40655386837655016
0 0.037038912767756484 0.07654620560879369 0.07407782553551297 0.15309241121758738
0 0.1837258666854566 0.05802564825253664 0.22345335400225477 0.11605129650507327
0 0.31954842516910936 0.055077244222096956 0.11766752395715896 0.11015448844419391
0 0.48207176578354 0.11862977381623449 0.2016717164599774 0.2253690459413754
0 0.9358947822717023 0.04678031637542277 0.12821043545659527 0.08520205045095829
0 0.9668409138951521 0.14656144306651633 0.0663181722096956 0.17225373449830889
0 0.020792964346110485 0.24721453988162345 0.04158592869222097 0.17219648393461107
0 0.028887313275084554 0.3589412168827508 0.05777462655016911 0.18301243658399097
0 0.15949566657271702 0.23338192291431792 0.2158434329199549 0.23100602452085683
0 0.17168122886133033 0.42946730552423895 0.21801895434047353 0.22059082581736184
0 0.2619543580890642 0.42000114501127395 0.19256006905298756 0.1912389021984216
0 0.47254615276211953 0.5148190882187147 0.21538542841037206 0.21793968432919952
0 0.40639753029875986 0.5828393637260428 0.24330168404735064 0.20644993658399097
0 0.1796852980552424 0.6667796998308906 0.23980499577226605 0.20978368094701239
0 0.674008684470124 0.6009613690811725 0.21550433342728303 0.2222863232807215
0 0.7676992319616684 0.612942150507328 0.20511555806087933 0.22246688275084558
0 0.9384248167981961 0.6410147442220969 0.12315036640360766 0.24153132046223225
0 0.9141439719560315 0.9371917277339346 0.17171205608793683 0.12561654453213078
0 0.7301384582863586 0.9623049076944757 0.18286710822998875 0.07539018461104852
0 0.7161428974069899 0.9009763423055241 0.22299534949267186 0.1650797984780158
0 0.46900982948139797 0.8273212901634723 0.23980939966178128 0.2415577437993236
0 0.3322756658680947 0.7895293122886133 0.21457951662908684 0.2002184329199549
0 0.3625281848928974 0.9498463042559189 0.21084061443066515 0.10030739148816237
0 0.05913983229988726 0.9594423795095828 0.11827966459977451 0.08111524098083422
0 0.1571616051296505 0.8961034385569335 0.24590438275084556 0.20779312288613305
