1 0.5048949231961668 0.545322628945885 0.38208585822998875 0.4074258385005637
0 0.08275348788049605 0.024848946589627958 0.1655069757609921 0.049697893179255916
0 0.2009560844137542 0.1352148217305524 0.21089786499436297 0.24418246195039456
0 0.42583409667418265 0.06442449971815106 0.24000317080045097 0.12884899943630213
0 0.757372111048478 0.06603632328072152 0.23355587655016907 0.13207264656144305
0 0.03738241614994363 0.2502047808624577 0.07476483229988726 0.21073051719278463
0 0.07313979706877113 0.26950262471815106 0.14627959413754227 0.1954666361330327
0 0.24776722801578352 0.37834915797632473 0.21770187429537763 0.22297333004509584
0 0.7404787908680946 0.2364602416854566 0.2001479706877114 0.19416308483652758
0 0.9404990487598646 0.3820352135005637 0.11900190248027054 0.20447699408117248
0 0.7921914635005637 0.4126818806369785 0.17237263951521986 0.1974924253100338
0 0.8574306827790303 0.5183069687147689 0.22254174887260425 0.20345969560315674
0 0.06160601042841037 0.6734163613303269 0.12321202085682074 0.19038014374295376
0 0.1759640114148816 0.8347594595546786 0.22266505777903042 0.21685192361894023
0 0.2346612528184893 0.7543774661781285 0.21345652480270577 0.19924957722660652
0 0.4312574866121759 0.8562416326099209 0.2117698351183766 0.20364025507328065
0 0.5374660900507328 0.8613721638951521 0.20837884019165726 0.21542506341600898
0 0.7449487387260427 0.8960131588218714 0.2013722519729425 0.20702244222096955
0 0.8246106961668545 0.8482155439684329 0.20991579763246893 0.17946730552423906
0 0.9456912344983088 0.9256865663754227 0.10125422773393467 0.14862686724915442
0 0.03476650577790305 0.9189155862457723 0.06903977593010147 0.16216882750845552
0 0.1025423654171364 0.975291977874859 0.2050847308342728 0.0494160442502819
0 0.24239668475197296 0.9828446483934611 0.19006746758737317 0.03431070321307783
