1 0.5228870138105974 0.6552899520856821 0.39455326944757607 0.3936636837655017
0 0.09509318630214204 0.04571457511273957 0.1901863726042841 0.09142915022547914
0 0.32963553410372043 0.046586545236753096 0.2230481961668546 0.09317309047350619
0 0.052159667418263805 0.1869913507609921 0.10431933483652761 0.20626497322435178
0 0.24807990417136416 0.14572470405862456 0.21402903043968435 0.20855059188275082
0 0.4697056440248027 0.16824619503945884 0.20649837936865845 0.21920800450958283
0 0.5511093397688839 0.14054352804396844 0.21429766770011277 0.21409508878241262
0 0.888914088923337 0.08472422843855693 0.21242161076662902 0.16944845687711385
0 0.021099034667418262 0.41351861964487036 0.042198069334836524 0.13306352170236752
0 0.028557021561443064 0.5046196801014656 0.05711404312288613 0.15770328354002255
0 0.21634767826944756 0.3584700007046223 0.22440019024802704 0.19997621899661783
0 0.3133939895715896 0.46718882116685456 0.23784526493799318 0.1837963289177001
0 0.5705525119785795 0.3508028290586246 0.21853420941375418 0.18371705890642615
0 0.6698932497181511 0.4006438486471251 0.18686583990980832 0.1737598647125141
0 0.7226012013810597 0.30771737598647125 0.15695902621195035 0.17452614148816237
0 0.9091301437429538 0.30403132046223225 0.1817397125140925 0.23352945321307778
0 0.9234251691093573 0.4036120701803833 0.1531496617812852 0.1827702226606539
0 0.811218468151071 0.5364752149098083 0.19610520011273957 0.22026053410372043
0 0.8919769940811724 0.8019130496054114 0.19755848365276207 0.21409949267192785
0 0.8233005390360766 0.7705397406989853 0.19035812429537768 0.20763458286358516
0 0.21774371124577227 0.6657601994081173 0.1791546293686584 0.19524644165727167
0 0.031564878100338215 0.7490883948703495 0.06312975620067643 0.18113197576099216
0 0.24394465191657272 0.8135172984780158 0.1737686724915445 0.20892051860202931
0 0.07503787344983089 0.9294606996899661 0.15007574689966177 0.12833374436302147
0 0.08651220758173618 0.8921311302142052 0.17302441516347236 0.14586562852311158
0 0.2928806722096956 0.9360907553551296 0.22233476606538896 0.1278184892897407
