1 0.44693313134160084 0.5563874013528749 0.2761767192784667 0.3354618799323563
0 0.09088306792559188 0.06185042629650507 0.18176613585118376 0.12370085259301014
0 0.2927727769165727 0.04649626550169109 0.20159685033821872 0.09299253100338219
0 0.6127461774239007 0.03661613937429538 0.2196439895715896 0.07323227874859076
0 0.40306818982525366 0.1048500035231116 0.23292612034949267 0.20290040163472378
0 0.05487686724915445 0.22165436513528747 0.1097537344983089 0.20296205608793683
0 0.06314737175873732 0.3948945708850056 0.12629474351747463 0.20192273816234496
0 0.3292612034949267 0.26207986894024804 0.22308342728297628 0.22562006764374298
0 0.2247260780721533 0.40913014374295376 0.19008948703494927 0.22297773393461107
0 0.9489258913472378 0.18151511414881621 0.10214821730552426 0.22611330326944756
0 0.8434945744081173 0.1760278678128523 0.16366614994363016 0.29881271138669674
0 0.7039221040022547 0.24806228861330326 0.22405228297632462 0.2817784667418264
0 0.5313931264092446 0.40454129086809465 0.23115575676437428 0.23272794532130775
0 0.7351654981679818 0.4465874260146562 0.22299975338218714 0.2104134371476889
0 0.9724272477452085 0.5974338535794814 0.05514550450958289 0.19306211245772265
0 0.8085453072153326 0.6234894658962796 0.2815670800450958 0.2079604706877114
0 0.8587892826944757 0.7853235978015783 0.2170500986471251 0.17420025366403613
0 0.9522706454340473 0.9138334977452085 0.09545870913190535 0.1532201240135288
0 0.7802018742953776 0.9278378664036077 0.2137912204058624 0.14432426719278468
0 0.5699491791149944 0.8620547667700112 0.23846621335963925 0.19705203635851176
0 0.4629038366685457 0.9677569229143179 0.21389250986471253 0.06448615417136416
0 0.3411891382468996 0.8158821871476888 0.23993711245772262 0.20605799041713646
0 0.055332669813979704 0.5638696096392333 0.11066533962795941 0.19755848365276207
0 0.022061284526493797 0.7322325077508455 0.044122569052987594 0.1355825465050733
0 0.22358326874295378 0.9398054361612176 0.24034227029312288 0.12038912767756482
0 0.106800926578354 0.8488144729425028 0.20251285935738444 0.23597801578354005
