1 0.2601421575535513 0.7588099809751974 0.3561865839909808 0.41501814402480275
0 0.02869134019165727 0.09769808695039459 0.05738268038331454 0.19539617390078917
0 0.3389541643179256 0.07518320180383314 0.2451645293122886 0.1503664036076663
0 0.21421179185456596 0.17777180806087936 0.22819634301014657 0.2280069757609921
0 0.6496177423900789 0.043906778466741826 0.22597237880496057 0.08781355693348365
0 0.9456317819898534 0.039679044532130774 0.10873643602029315 0.07935808906426155
0 0.79286746054115 0.15897160372040586 0.20404100901916578 0.23714064261555803
0 0.9100571624859075 0.1663062817080045 0.1660926930665163 0.20090984357384442
0 0.5053441199267192 0.2768483124295378 0.23755020434047353 0.22775595405862453
0 0.38634001550169106 0.27359383807779025 0.21978931792559186 0.21803216600901915
0 0.3059470124013529 0.4039093327226606 0.2139761837655017 0.23393901493799318
0 0.20660187077226605 0.45226403959977446 0.19826750986471253 0.21133825394588496
0 0.12432840684892896 0.5141761203494926 0.17019711809470123 0.17870102874859073
0 0.0502483793686584 0.8797473928974069 0.1004967587373168 0.2261749577226606
0 0.4823756341600901 0.5416806123167982 0.21209131905298756 0.24190124718151074
0 0.723045994222097 0.37887322082863584 0.21730112034949267 0.22002272406989853
0 0.7063728685174746 0.49952217798759857 0.20979689261555812 0.19526405721533252
0 0.6801983511837655 0.613190970264938 0.20451662908680945 0.20775348788049608
0 0.9197214980270575 0.44985731397970685 0.160557003945885 0.20899098083427287
0 0.9241231855975197 0.5312720194475761 0.14970141629086808 0.21210893461104852
0 0.6594648393461104 0.8164789141770011 0.2438874013528749 0.2293325465050733
0 0.8909795131059752 0.8217547738162344 0.20030210682074412 0.19832035653889513
0 0.8332136943348365 0.9700271279594137 0.17076081595264936 0.05994574408117248
0 0.6098726395152199 0.9648899908399098 0.24099844983089064 0.07022001832018043
0 0.43553806722096955 0.9425072223788049 0.22162573985343853 0.10251374013528747
