1 0.6546513881059752 0.772404787908681 0.3562746617812852 0.37062693771138666
0 0.3858181545941375 0.09893117601465613 0.2090218080608794 0.19786235202931227
0 0.1991747111048478 0.031600109216459976 0.1859234075535513 0.06320021843291995
0 0.02058818348365276 0.0838742777621195 0.04117636696730552 0.15335664458850057
0 0.04692344278466742 0.28767087091319055 0.09384688556933483 0.21793968432919955
0 0.025465491121758735 0.4902299711104848 0.05093098224351747 0.15961897547914317
0 0.018161640360766628 0.6358467798759864 0.036323280721533256 0.10891699549041711
0 0.030109392615558058 0.7130271455749717 0.060218785231116116 0.16091371899661777
0 0.08746344771702366 0.9839940635569335 0.14953406848928974 0.03201187288613305
0 0.12966371899661783 0.8502369292559188 0.21271667136414882 0.217067714205186
0 0.17045914952085683 0.771094630777903 0.20033733793686584 0.2138264515219842
0 0.29724272477452085 0.5526330855411499 0.21573333568207437 0.2302221321871477
0 0.18662582793122887 0.5287397829763247 0.21479090332581735 0.24128029875986468
0 0.19903378664036075 0.3266320814543405 0.19115522829763243 0.19238831736189402
0 0.30236665022547915 0.2895799570180383 0.21564966178128522 0.22019007187147685
0 0.5607802811443066 0.06427476747463359 0.21430647547914317 0.12854953494926719
0 0.8724941868658398 0.01813741896843292 0.129888317361894 0.03062024379932356
0 0.9188935667981961 0.06364060738444194 0.16221286640360766 0.12728121476888388
0 0.7129456736189403 0.17714425380496052 0.19956665727170242 0.1900762753664036
0 0.8321941939120631 0.1995050028184893 0.21487457722660652 0.20729107948139797
0 0.9639057215332582 0.3000215790586246 0.06767016629086808 0.19036693207440814
0 0.5039767122322435 0.4081789036076663 0.25995279030439683 0.23727275930101466
0 0.6028462337936865 0.37071061161217583 0.18586615698985343 0.24112175873731678
0 0.7726778290586245 0.46319449337655016 0.21488778889515225 0.21854301719278468
0 0.8500717833990981 0.477984956313416 0.21564525789177003 0.20670095828635854
0 0.9308192996054114 0.6814600655298759 0.13836140078917702 0.22480534808342723
0 0.7970489536358512 0.9126774767474634 0.19609198844419395 0.1746450465050733
0 0.5423279840755355 0.9730614078354002 0.169272301296505 0.04830186020293126
0 0.9500268637260428 0.9006548583709132 0.09994627254791433 0.19869028325817362
