1 0.36620323069334837 0.6671694440529876 0.4068357173055242 0.4012603931792559
0 0.14289520504509584 0.0697333885287486 0.22309663895152199 0.1394667770574972
0 0.3527185209977452 0.10772574337655016 0.22730675732807215 0.21545148675310033
0 0.5300763634441938 0.05320338923337091 0.2540295589064261 0.10640677846674182
0 0.6950790938556933 0.11114095969560316 0.21602839627959414 0.2222819193912063
0 0.05930938204622322 0.2763484709695603 0.11861876409244644 0.21975408680947012
0 0.1446347414036077 0.41806783751409243 0.21322311865839913 0.21248326521984218
0 0.3780629051578354 0.33230429114994364 0.26321607243517475 0.20358300450958283
0 0.6510313909244645 0.21817749436302142 0.2199742812852311 0.1901951803833145
0 0.8769090861048477 0.27356741474069896 0.20464434188275082 0.24176032271702363
0 0.950359357384442 0.2542365417136415 0.09928128523111612 0.211818277903044
0 0.6257332476042841 0.4109379403889515 0.2641496970124013 0.18681739712514095
0 0.7526511414881624 0.5487048160935738 0.18838077790304397 0.20764779453213073
0 0.8449082229425029 0.527614589205186 0.16961140078917702 0.21775912485907556
0 0.9710752536640361 0.4816071554396843 0.05784949267192785 0.18934522970687706
0 0.9725307391488163 0.5988585118376549 0.05493852170236757 0.13682884723788047
0 0.05986207018038331 0.6155096180947013 0.11972414036076662 0.18643425873731678
0 0.06439587443630214 0.7205313733089064 0.12879174887260428 0.16771332440811726
0 0.14179203072153324 0.8925517016629085 0.26141488162344984 0.20349933060879366
0 0.38478544250281843 0.9289696660090192 0.19852733934611044 0.12757187147688842
0 0.5061896667136414 0.8916224809751973 0.2054634653325817 0.12959325676437428
0 0.7070202402762119 0.7481613761273957 0.22654928833145438 0.1679863655580609
0 0.6644962831172492 0.8787278924746336 0.20087461245772265 0.18657958709131905
0 0.8796372956595264 0.8774023217305524 0.23002395715896273 0.2256685104284104
