1 0.8259450746899661 0.719522882609921 0.34338888105975196 0.3491095335400225
0 0.035847660653889515 0.10961281003382188 0.07169532130777903 0.18414423618940248
0 0.08428383948703494 0.22239642051860203 0.16856767897406988 0.2309751972942503
0 0.22521490980834272 0.09774432779030441 0.18935844137542274 0.19204481397970688
0 0.4879267368940248 0.05195048266629087 0.21381323985343859 0.10390096533258174
0 0.4584030615839909 0.12629474351747463 0.22531619926719276 0.20372392897406988
0 0.7203772371758737 0.09214258032694475 0.20938292700112737 0.1842851606538895
0 0.8408478368094701 0.07842446448703494 0.21324513810597523 0.15684892897406988
0 0.9150423654171365 0.22191199267192782 0.1699152691657272 0.2095634864712514
0 0.39841548055242393 0.2815450605975197 0.23980059188275088 0.2248625986471251
0 0.5003082722660654 0.3316481116121759 0.23787168827508454 0.1956824267192785
0 0.6419109357384442 0.2795500986471251 0.2340050732807215 0.22211457158962794
0 0.9162446272547913 0.45077992883314544 0.1675107454904171 0.19239272125140922
0 0.5500435985062007 0.5313512894588501 0.20677582440811726 0.17119680101465617
0 0.6477857243517474 0.4993063874013528 0.19022160372040586 0.18042294954904164
0 0.0746855622886133 0.5861620983652762 0.1493711245772266 0.20772266065388945
0 0.24972695885005636 0.5274340297350619 0.19393848647125142 0.19720176860202926
0 0.3538679361612176 0.5364267721251409 0.17379949971815106 0.20467076521984212
0 0.12288393108793685 0.7030193066516346 0.1959598717587373 0.20679784385569333
0 0.24710664458850054 0.7327984075535512 0.14046645997745205 0.19271420518602023
0 0.17798759864712513 0.9171936654453212 0.2283769024802706 0.16561266910935735
0 0.37507266417700114 0.9184950147970687 0.19389004368658402 0.16300997040586251
0 0.6030201874295378 0.9096806299323563 0.1986066093573845 0.18063874013528747
