1 0.45268681299323565 0.3784966882750846 0.4038939191093574 0.3667999577226607
0 0.12869706524802707 0.09530897688838781 0.2530607032130778 0.17987246335963922
0 0.2957454023393461 0.16736761908117248 0.18864941516347236 0.21741562147688834
0 0.13314058976888388 0.2680449372886133 0.17669725901916572 0.1960479495490417
0 0.026898957158962795 0.5104085928692221 0.05379791431792559 0.18906338077790308
0 0.10357287556369785 0.48813592164599773 0.15119873872604284 0.21794849210822997
0 0.18815617953776775 0.6482723541431792 0.20796927846674185 0.2132495419954904
0 0.023783205326944758 0.7749414282694476 0.047566410653889515 0.18886080186020293
0 0.08061760146561443 0.879566833427283 0.16123520293122887 0.20556475479143177
0 0.3211602487316798 0.8300737211104847 0.22122058201803832 0.1635912838218715
0 0.2672037943912063 0.9595987175873731 0.22722748731679818 0.08080256482525372
0 0.5182254967587373 0.9229495490417137 0.23501356397970685 0.15410090191657277
0 0.8118944651916573 0.9810654770293123 0.18393725338218714 0.03786904594137541
0 0.5331546822153326 0.1037138000281849 0.22033099633596392 0.19535213500563697
0 0.9212254262965051 0.1107313979706877 0.1575491474069899 0.2214627959413754
0 0.732111400789177 0.06941190459413754 0.203125 0.13882380918827508
0 0.7535869680101466 0.21700826169673054 0.19539617390078912 0.17266329622322432
0 0.9403162873449831 0.40885930453776775 0.11936742531003386 0.20275066939120628
0 0.9262700817361894 0.6261934540586246 0.14745983652762118 0.21422280157835405
0 0.9861387577508456 0.8034720264937992 0.02772248449830894 0.1261185879368658
