1 0.37488549887260425 0.7677476747463359 0.3935667981961668 0.377906567080045
0 0.13581595264937993 0.09651344067080045 0.20709730834272827 0.1930268813416009
0 0.22403907130777903 0.08953107384441938 0.2122762824126268 0.17906214768883877
0 0.4606688627395716 0.0655871265501691 0.26150295941375423 0.1311742531003382
0 0.5803027233652762 0.06763713711950395 0.21363708427282974 0.1352742742390079
0 0.8363514656144306 0.06437605693348365 0.2123907835400225 0.1287521138669673
0 0.887531267615558 0.15676965896279593 0.21589187570462232 0.20789881623449832
0 0.7130513669673055 0.21177864289740697 0.18949936583990978 0.1995578494926719
0 0.8142241227452085 0.33107340403043967 0.22365152903043972 0.21106521279594137
0 0.8539736295095828 0.448197047632469 0.2285046152762119 0.21243482243517475
0 0.8832661006200676 0.5511709942220969 0.20864747745208567 0.21213976183765504
0 0.44794822787485905 0.23290189895715896 0.21060720828635848 0.1980296998308906
0 0.5151559857666291 0.26219216812288615 0.1979856609357385 0.21876321166854568
0 0.11584871758737315 0.2829014585682074 0.2148481538895152 0.2339169954904171
0 0.19414987316798196 0.4076063979706877 0.22140994926719276 0.201742178692221
0 0.3417220088782412 0.4303348717587373 0.21292365417136414 0.21105200112739575
0 0.49682039177001125 0.5095101994081173 0.16934716741826383 0.2072778678128523
0 0.6676913049605411 0.5360656531848929 0.1841706595264938 0.21291484639233366
0 0.08880883596392333 0.5141981397970687 0.17541572717023673 0.17908857102593007
0 0.09526273604847801 0.636036147125141 0.15784861189402477 0.2013898675310034
0 0.08789282694475761 0.7330582370349492 0.17129368658399097 0.20646314825253664
0 0.08584281637542276 0.9095198879650507 0.17168563275084553 0.17312130073280718
0 0.9429652268883878 0.7584004192502818 0.1140695462232244 0.19826750986471253
0 0.7848898146843292 0.7132715614430665 0.18455379791431792 0.2221498027057497
0 0.68024018813416 0.73963544602593 0.17180013387824122 0.2006896490980834
0 0.6885261062570462 0.8571334202367531 0.18050662344983082 0.21631024520856823
0 0.8853447364712513 0.9447091671364147 0.2152092728297632 0.11058166572717021
0 0.6867799640642616 0.9552124436302142 0.16873502677564822 0.0844489853438557
