1 0.47897803339909806 0.6975342622604284 0.38478103861330326 0.3284376761555806
0 0.05704358089064261 0.04924649450394588 0.11408716178128522 0.09849298900789176
0 0.09895980129650508 0.06559593432919955 0.17692185738444194 0.1311918686583991
0 0.025723118658399095 0.20762797702931224 0.05144623731679819 0.13644570885005633
0 0.12553947646561442 0.25193110555242393 0.185637154735062 0.20787679678692222
0 0.29225531989853437 0.15143214487034948 0.2305348083427283 0.2288084836527621
0 0.444070603156708 0.12485687359075535 0.20263176437429542 0.20946219701240135
0 0.513000281848929 0.10732498943066517 0.21801014656144307 0.20226624154453213
0 0.6886472132187147 0.043351888387824125 0.19695515078917702 0.08670377677564825
0 0.9232512154735062 0.04394861541713642 0.15349756905298761 0.079767650789177
0 0.8364021103438557 0.15282157201240132 0.2098321237316798 0.21588306792559184
0 0.9256579410935737 0.19812658540022549 0.1486841178128523 0.20012154735062007
0 0.6197968045377678 0.3151929784385569 0.1821228509019166 0.19706965191657275
0 0.5676305312852311 0.43129932356257045 0.222255496054115 0.208013317361894
0 0.8565300873731679 0.3685174746335964 0.19670412908680945 0.1951451521984216
0 0.7893663683765502 0.47366033680947006 0.2016364853438557 0.20255249436302142
0 0.7558681827790303 0.5803093291995489 0.2228852522547914 0.19358617531003375
0 0.7739461492390078 0.7083392051860203 0.1995886767192785 0.18867143461104852
0 0.8085475091600902 0.8832066481116122 0.2366870419954904 0.22486700253664038
0 0.9061090755355129 0.8839773287767756 0.18045377677564822 0.2320453424464487
0 0.028918140501691093 0.5811174429255919 0.05783628100338219 0.20151758032694472
0 0.0502726007609921 0.7357490135287486 0.1005452015219842 0.21945462232243518
0 0.1653065987880496 0.5544540938556933 0.18723136273957156 0.2599704058624577
0 0.24712866403607664 0.4997467763528749 0.2337584554678692 0.20339363726042842
0 0.18739430665163473 0.781719014233371 0.18535970969560317 0.21587426014656141
0 0.16796654805524242 0.9479019870349492 0.21835805383314547 0.10419602593010147
