1 0.4969119202158692 0.6334574642648775 0.395606950116686 0.43061278442240375
0 0.05687992269544924 0.19024394690781796 0.11375984539089848 0.19476553383897316
0 0.04342227610851808 0.3150433926487748 0.08684455221703616 0.1850933488914819
0 0.3515556629229871 0.1036523665402567 0.2546264221120187 0.2073047330805134
0 0.48030010210035 0.1463840978704784 0.21383642065344222 0.21840814614935822
0 0.427191966890315 0.2767261340431738 0.2503053894399066 0.17760447053675607
0 0.20161628500583428 0.29819227683780625 0.1917845682613769 0.22158510793465575
0 0.21049308999416566 0.41472797549591595 0.1580230819719953 0.17672476662777126
0 0.15067778223453906 0.5069077268086347 0.1924272535005834 0.20960199095682608
0 0.06898610705950992 0.7201082992998833 0.13797221411901983 0.23366394399066515
0 0.1373659932905484 0.741020638856476 0.14395237747957995 0.1978285443407234
0 0.0705745879521587 0.9240651436697782 0.1411491759043174 0.15186971266044336
0 0.36865975058343053 0.946344898628938 0.23660844515752621 0.10731020274212366
0 0.4944915949533255 0.927852884334889 0.23060549154025667 0.14429423133022168
0 0.7320412777129521 0.932884973016336 0.2300357351225204 0.1342300539673279
0 0.9290470937864643 0.886176341890315 0.14190581242707123 0.22764731621936984
0 0.8437317677946324 0.7281737711493582 0.19714483663943994 0.22821707263710622
0 0.920749161318553 0.5042412667736289 0.15850167736289378 0.26674172257876316
0 0.8040083503500584 0.388585272024504 0.1941000583430572 0.2246982570011668
0 0.908282890898483 0.24648118436406063 0.18343421820303385 0.22303456826137688
0 0.6995879521586931 0.06258204492415402 0.24029135064177365 0.12516408984830804
0 0.9531090468203033 0.06459898264294049 0.09378190635939321 0.12798552362893814
0 0.7870957008459742 0.15033137033255542 0.19858973891481912 0.18903606330221706
