1 0.4906637542277339 0.6066908293404735 0.35481257046223225 0.3069378875422773
0 0.07024203776775648 0.10979557144870349 0.14048407553551295 0.2109154805524239
0 0.09304317573280721 0.06702719842164599 0.16230534808342728 0.13405439684329198
0 0.28535442502818487 0.0997657130777903 0.18653995208568205 0.1995314261555806
0 0.3685879368658399 0.07816463500563697 0.1923530862457723 0.15632927001127395
0 0.5734326557215332 0.06675415727170236 0.20393971956031565 0.13350831454340473
0 0.924849827367531 0.05242830467869222 0.15030034526493796 0.09978332863585118
0 0.8105138458286358 0.13896473365276213 0.18815177564825258 0.2258490698985344
0 0.7323382010992108 0.14576433906426153 0.18202596533258175 0.2179132609921082
0 0.07665850479143178 0.33641091812288615 0.15331700958286357 0.20846691798196165
0 0.1359436654453213 0.254617478156708 0.19828072153325815 0.18129491967305522
0 0.5164309117812852 0.2176270081736189 0.24784209413754227 0.2303410372040586
0 0.9530941727733934 0.21961976817925594 0.09381165445321304 0.185857349210823
0 0.9413578072153326 0.3091508420236753 0.11728438556933485 0.20246001268320182
0 0.6172997991826381 0.33233732032130775 0.1931237669109357 0.18236946871476886
0 0.6797205291713642 0.381971357102593 0.21164652621195035 0.1815283258173619
0 0.8149089275648251 0.4089694017756482 0.1939120631341601 0.2006544179819616
0 0.9579670765219842 0.5223717587373168 0.08406584695603159 0.19991896843291995
0 0.9232137824126267 0.5787393425873731 0.1535724351747464 0.18756605834272833
0 0.8236066093573844 0.7246049711104847 0.2016364853438557 0.20604477874859073
0 0.9844058272266065 0.8897992707158962 0.031188345546786955 0.1332837161781285
0 0.8807074408117248 0.7948315952649381 0.23230517192784672 0.20798689402480275
0 0.7512683201803834 0.9418730622886133 0.23352064543404738 0.11625387542277343
0 0.7220705326944756 0.9168303445603156 0.2136502959413754 0.1663393108793687
0 0.3507918193348365 0.3383089945039459 0.20220899098083422 0.20102434470124014
0 0.2765224246054115 0.4050565459413754 0.1753144377113867 0.1858793686583991
0 0.24919408821871478 0.48507521843291995 0.2124876691093574 0.19117284385569333
0 0.20304352804396844 0.6820810139515219 0.23006359216459976 0.20803533680947017
0 0.07715614430665163 0.769683184188275 0.15035759582863584 0.21062482384441938
0 0.08660909315107103 0.913672755777903 0.17321818630214206 0.13355675732807215
0 0.32149714627959414 0.7986013246899661 0.2011696730552424 0.17113514656144302
0 0.3089923020011274 0.8874740170518602 0.20275947717023676 0.14984234075535519
0 0.41046011837655016 0.9782315741262684 0.24491791149943626 0.043536851747463357
