1 0.5399564895715896 0.581619486330327 0.4115698985343856 0.3976315882187148
0 0.023589434188275082 0.1414639409526494 0.047178868376550165 0.1777101536076663
0 0.09899283046786922 0.30285988585118373 0.19798566093573844 0.2246864430665163
0 0.18090737739571588 0.17931757328072154 0.21957793122886135 0.20711492390078917
0 0.07535935738444194 0.02147556722096956 0.15071871476888388 0.04295113444193912
0 0.36878611189402477 0.021378681651634722 0.18138740135287484 0.042757363303269444
0 0.4162842622604285 0.15969604354565953 0.2259063204622323 0.21832282271702366
0 0.4990421540304396 0.2088962972096956 0.21654365135287484 0.20926842587373165
0 0.7557096427564824 0.11939164670236753 0.25239131200676435 0.23878329340473506
0 0.9567934399661782 0.17339654382750844 0.08641312006764379 0.22999312993235624
0 0.22948227874859073 0.5027480270574971 0.2006059751972942 0.23934258737316794
0 0.28734057919954903 0.38255927635287484 0.19968115839909806 0.21132944616685456
0 0.7752320849774521 0.3723180312852311 0.24620825112739564 0.2543422350620068
0 0.9273776599492671 0.4616685456595264 0.14524468010146563 0.22806863021420515
0 0.8535464522266065 0.747978614712514 0.2057541220405863 0.19308413190529872
0 0.8661525859639234 0.8469626374013528 0.21245243799323565 0.19089539881623452
0 0.5638718115839909 0.8878835787767756 0.23681915868094705 0.21134706172491546
0 0.73151907764938 0.9584889374295377 0.21546910231116123 0.07483969842164595
