1 0.425380496054115 0.19168589698421648 0.25291537485907556 0.305748837373168
0 0.07292841037204058 0.15077816727733934 0.14585682074408116 0.2394174534949267
0 0.23245050028184894 0.07680823703494927 0.21944581454340473 0.14754791431792558
0 0.725692731820744 0.06232604636414881 0.2334281637542277 0.12465209272829762
0 0.9207013634441938 0.09896420518602028 0.1585972731116122 0.19792841037204056
0 0.1813741896843292 0.25210946307779025 0.2250299464487035 0.19705644024802701
0 0.16989324971815106 0.39355138458286354 0.2217094137542277 0.18906338077790302
0 0.07664088923337091 0.5528026352874859 0.15328177846674182 0.19519799887260425
0 0.5440939437711387 0.3233027409808343 0.24073862034949267 0.21099915445321307
0 0.7495552071589627 0.29677150859639234 0.18965790586245768 0.21675503804960541
0 0.861768513951522 0.34296390572153324 0.1493491051296505 0.2575350549605411
0 0.9722709096674182 0.39997665938556937 0.0554581806651635 0.1505645786358512
0 0.4857688310315671 0.5022173583709131 0.21596233793686587 0.21804978156708
0 0.26799209061443063 0.6159830362175873 0.20959431369785794 0.23132310456595262
0 0.02932109639233371 0.7454882151916572 0.05864219278466742 0.1869407060315671
0 0.09278775014092445 0.7462941269729425 0.1855755002818489 0.19263933906426156
0 0.3424310350901917 0.7351919215050732 0.21199002959413754 0.21243922632468992
0 0.5642417383032694 0.5554515748308906 0.20426560738444194 0.2087839980270575
0 0.7876664670236753 0.5017043052423901 0.22022970687711385 0.19537415445321304
0 0.9067190142333708 0.5586752219560316 0.18656197153325815 0.1895918475197294
0 0.9126972942502818 0.6935861753100339 0.1746054114994363 0.20805735625704624
0 0.5859771350056369 0.7719533892333709 0.21502430947012396 0.19728544250281854
0 0.6616910054960541 0.7230459942220968 0.18901934188275082 0.18820902621195035
0 0.9233150718714769 0.928265043686584 0.15336985625704624 0.14346991262683206
0 0.8176217235062007 0.8591570074689965 0.19761133032694478 0.19815300873731678
0 0.797134829481398 0.9455040691939121 0.22557602874859073 0.10899186161217589
0 0.5662961527621195 0.9611400789177 0.21165093010146563 0.07771984216459982
0 0.5508054713923337 0.9265056898252537 0.22461157694475764 0.14698862034949267
0 0.13291378945885007 0.9483511837655016 0.23973012965050736 0.10329763246899659
0 0.18966230975197296 0.9074588676719277 0.25053727452085683 0.17596621335963925
