1 0.4164758314543405 0.768386238726043 0.27139409526493796 0.39417453494926724
0 0.05111154171364148 0.2351544884441939 0.10222308342728297 0.2205203635851184
0 0.12499339416572718 0.23118658399098083 0.15192978438556934 0.2030809611048478
0 0.11644104072717024 0.45020522125140916 0.20953265924464487 0.25300345264937985
0 0.38938750704622316 0.05811152409808343 0.1331031567080045 0.11215385428410371
0 0.4783482771984216 0.049239888669673056 0.1304652268883878 0.09847977733934611
0 0.5652700465050733 0.04156170729988726 0.08712655016910931 0.08312341459977451
0 0.7548332687429538 0.02983855341037204 0.11512207581736189 0.05967710682074408
0 0.8457119327790305 0.05812253382187148 0.13148692925591887 0.11624506764374296
0 0.9248630390360766 0.10255998097519729 0.15027392192784672 0.20511996195039459
0 0.9390215438275084 0.25931202437993234 0.12195691234498307 0.2154691023111612
0 0.6963826451521984 0.12151211950394587 0.18533328635851187 0.2070796927846674
0 0.5380672209695603 0.20137005002818487 0.2229953494926719 0.22612651493799318
0 0.4122921364148816 0.3044937288613303 0.2529506059751973 0.22631588218714768
0 0.3430475796223224 0.4843397688838782 0.2040366051296505 0.21055876550169111
0 0.26881781989853437 0.5503210435456595 0.17954657553551298 0.19909544109357385
0 0.02090526352874859 0.6864804995772266 0.04181052705749718 0.180229178410372
0 0.13289177001127397 0.7195360942784668 0.18306968714768884 0.19873432215332587
0 0.7700266875704622 0.34285380848365277 0.24525701099210817 0.2107833638669673
0 0.8773913120067643 0.4771636309188275 0.22995349492671924 0.23046875
0 0.6462267474633596 0.5487576627677564 0.2204146702367531 0.23604407412626827
0 0.9675036992671928 0.6472066128804961 0.06499260146561447 0.19786235202931224
0 0.044673055242390076 0.9038476782694476 0.08934611048478015 0.19006746758737314
0 0.09679528959977451 0.931308131341601 0.19359057919954903 0.1373837373167982
0 0.2997331242953777 0.9641655510146561 0.1891206313416009 0.07166889797068776
0 0.6598633913472378 0.9484612810033821 0.2011652691657272 0.10307743799323565
0 0.7818445250845546 0.9504958779594137 0.183994503945885 0.09900824408117248
