1 0.6088113021420518 0.5775855235343855 0.32701521984216464 0.3576002325253664
0 0.0860497991826381 0.12058730270574972 0.1720995983652762 0.2018390642615558
0 0.0702244222096956 0.2337958885287486 0.1404488444193912 0.1913357877677565
0 0.052340226888387825 0.36041431792559186 0.10468045377677565 0.1954270011273957
0 0.14378699267192785 0.30299640642615555 0.1948544954904171 0.20425239571589626
0 0.19477082158962794 0.023580626409244645 0.16101500845546787 0.04716125281848929
0 0.37715130002818487 0.03932012753664036 0.19467393602029315 0.07864025507328072
0 0.2609414635005637 0.12393866262683201 0.224620384723788 0.1830608793686584
0 0.32299006482525366 0.20411147125140922 0.21196801014656144 0.1719278466741826
0 0.16205432638105974 0.47271570250845546 0.19224739289740694 0.19139744222096955
0 0.055709202367531 0.6144614923900789 0.111418404735062 0.18561513528748586
0 0.09864932708568207 0.720035935738444 0.19729865417136414 0.2018654875986471
0 0.11819378875422773 0.8240954410935739 0.23638757750845546 0.20207687429537768
0 0.3484599598365276 0.7421104319334837 0.16603103861330326 0.18458902903043972
0 0.28989483511837655 0.728526634723788 0.15570391770011274 0.1822946025930101
0 0.07077711034385568 0.9557937570462232 0.14155422068771137 0.08575253664036075
0 0.2946091988444194 0.9226434787204059 0.220172456313416 0.15471304255918827
0 0.3387581912344983 0.943189825253664 0.19159121335963925 0.11362034949267197
0 0.4526119468714769 0.31177556017474634 0.1947179749154453 0.16485079622322432
0 0.5243535090191657 0.28287283328635854 0.2001039317925592 0.18262489430665166
0 0.6767985484780157 0.28524652973506204 0.1704745631341601 0.18228139092446452
0 0.6783883525930101 0.09317969630777903 0.22243165163472378 0.17305964627959414
0 0.7990681369785795 0.16221506834836527 0.17865698985343859 0.2180233582299887
0 0.9011789212232244 0.0515365170518602 0.1976421575535513 0.09895099351747463
0 0.9504078001691094 0.22215200465050733 0.09918439966178128 0.22457634582863584
0 0.9292669285512964 0.6116275894870349 0.141466142897407 0.19940371335963925
0 0.9197831524802705 0.7034927247745209 0.14259794250281854 0.20612404875986468
0 0.5606745877959414 0.9332524485625704 0.2066613232807215 0.1334951028748591
0 0.6081419109357384 0.8916489043122886 0.20024485625704624 0.1335479495490417
0 0.7597612211104847 0.9304317573280722 0.1910187077226606 0.1391364853438557
0 0.9645200641206313 0.8492350443912062 0.0709598717587373 0.18850849069898534
0 0.9361744292559189 0.9246318348365277 0.12765114148816237 0.15073633032694478
