1 0.6321497146279593 0.479046293686584 0.2790436513528748 0.28656109075535513
0 0.05474695250845547 0.03365232173055242 0.10949390501691093 0.06730464346110485
0 0.08329076240135287 0.17585831806651636 0.16658152480270574 0.20402779735062007
0 0.11688363162344981 0.24983925803269444 0.2170236753100338 0.22573897266065385
0 0.30069097026493796 0.21309980975197296 0.22472607807215333 0.22636872886133033
0 0.5030210682074407 0.12019315459413754 0.24959484216459982 0.21545148675310033
0 0.6337086915163472 0.23055682779030437 0.27927265360766634 0.20981010428410368
0 0.9053670201521984 0.10621300732807214 0.18926595969560311 0.20586421927846674
0 0.9510727874859075 0.3687464768883878 0.09785442502818487 0.21057638105975196
0 0.882270821589628 0.41846638951521986 0.21535900507328076 0.2098629509582864
0 0.44077869574408113 0.3698364395434047 0.2149582511273957 0.23041590332581735
0 0.21938636203494927 0.4506742354847801 0.22719225620067643 0.22347537344983082
0 0.30254941164036075 0.552434910512965 0.22355464346110485 0.20916273252536638
0 0.07585259301014656 0.5734546751691093 0.15170518602029312 0.21589187570462237
0 0.09401423337091319 0.8169281109075536 0.18802846674182638 0.26218556228861334
0 0.40565987880496057 0.7059985379086808 0.21295448139797074 0.18283628100338223
0 0.5463311196448704 0.7340645257891769 0.17322699408117248 0.20744521561443063
0 0.7363985872322435 0.7551657624013528 0.18938926860202931 0.21303375140924463
0 0.8541740064825254 0.7872128664036075 0.18018954340473503 0.2327455608793686
0 0.9759789846392333 0.721775472096956 0.048042030721533235 0.15243623167981957
0 0.9431127571871476 0.9077803516065388 0.11377448562570458 0.1645865628523112
0 0.28224087514092444 0.848288208145434 0.1866632609921082 0.18813856397970685
0 0.15937015572153326 0.966046011837655 0.20415991403607667 0.06168968432919952
0 0.4050631517756482 0.9030373625986472 0.24247375281848926 0.18362017333709135
