1 0.6536222834014002 0.5576866977829638 0.4481430498833138 0.41333321178529747
0 0.1065444501166861 0.17798278879813298 0.2130889002333722 0.2616503792298716
0 0.47937025962660446 0.17622793903150522 0.2671929696616103 0.26799518669778294
0 0.8294992524795799 0.11133952012835473 0.2736973089264878 0.21734612018669777
0 0.814532890898483 0.2690663287631272 0.2570285151691949 0.2013747082847141
0 0.40254886231038506 0.3563438958576429 0.22414673278879815 0.17842036172695447
0 0.1920329820595099 0.4268683452450408 0.20805225350058337 0.22231895420070008
0 0.047624799445740953 0.5128149613477245 0.09524959889148191 0.21914655046674442
0 0.10385975787631271 0.6535242852975496 0.20771951575262543 0.20070011668611432
0 0.40735988550175023 0.7596585107934655 0.2197937937572928 0.21297950700116686
0 0.23306683926487745 0.8261468057176196 0.2104908109684947 0.21792955075845966
0 0.10436114352392063 0.8961653114060676 0.20271477537922986 0.2076693771878646
0 0.8999188666861142 0.41130032088681445 0.19292408109684944 0.199925247957993
0 0.9555134189031504 0.5784896441073513 0.088973162193699 0.18490191073512252
0 0.9308019435530921 0.7721726407526255 0.1383961128938156 0.19132420507584602
0 0.786938448074679 0.7688657745040839 0.18623286172695452 0.21503974620770128
0 0.6738326830513418 0.9111590212952158 0.22656705805134192 0.17768195740956827
0 0.8526678274504083 0.969953325554259 0.19601899795799305 0.06009334889148188
