1 0.5564732771984215 0.5207599351747463 0.4608626338782412 0.4843045377677564
0 0.05393223294813979 0.047621459272829764 0.10786446589627958 0.09524291854565953
0 0.1354548337091319 0.11475875493235627 0.20088782412626832 0.2098321237316798
0 0.28328239501127395 0.10222308342728298 0.21522248449830886 0.19301366967305522
0 0.48422967164599773 0.18214707229425028 0.2263951521984216 0.21663172914317924
0 0.6237713148252536 0.0425041396561443 0.24203776775648245 0.0850082793122886
0 0.6261758385005637 0.17725655298759863 0.23433096110484786 0.1911199971815107
0 0.8685438979706877 0.07289978509019165 0.23353826099210817 0.1457995701803833
0 0.021821272547914317 0.31451477945321304 0.043642545095828635 0.16116914458850057
0 0.12144165727170235 0.3193392404171364 0.1839504650507328 0.18146667136414882
0 0.8367896526211951 0.4064525789177001 0.18806810174746336 0.21038260992108226
0 0.9058184188275085 0.3558056475479143 0.18374788613303272 0.20629139656144307
0 0.07650877254791431 0.5946616051296505 0.15301754509582863 0.1792118799323562
0 0.10921205608793687 0.646246564966178 0.1901863726042841 0.16828583004509579
0 0.24773419884441938 0.5684012119503945 0.18251920095828633 0.21392333709131905
0 0.028339029030439684 0.7901987034949267 0.05667805806087937 0.1764990839909808
0 0.11268452297068769 0.8324694370067643 0.21339927423900787 0.1977302353438557
0 0.10267668404735061 0.9389995243799323 0.20535336809470123 0.1179581806651635
0 0.2848611894024803 0.7616703072153326 0.1672597237880496 0.17780263528748597
0 0.47442441164036075 0.8457757891770011 0.23263546364148818 0.1547614853438557
0 0.8808373555524238 0.6156989853438557 0.2072778678128523 0.1941234498308907
0 0.7325495877959414 0.8084924605411499 0.22462919250281843 0.21562323844419395
0 0.8728729213641488 0.8320730869503946 0.20868270856820736 0.19371388810597523
0 0.9789868411781284 0.6930709202367531 0.04019429960541154 0.1566375422773394
0 0.8976712232243518 0.9716543651352875 0.20465755355129656 0.056691269729425064
