0 0.16398501312718786 0.10605673862310384 0.21410078763127188 0.20473855017502915
0 0.06973590650525087 0.1764717947782964 0.13947181301050174 0.2150443042590432
0 0.38329565344224037 0.12347305280046673 0.2228340140023337 0.18092728996499416
0 0.45238659568261375 0.17308060457992996 0.1989133605600933 0.15496007147024504
0 0.7539404353850641 0.06872857715869311 0.24380560822637098 0.13745715431738623
0 0.8681492488331388 0.14519672549591597 0.22932467911318555 0.19751859684947487
0 0.1269075444865811 0.33744393596849476 0.19673917007001165 0.211643997957993
0 0.2896390934947491 0.5122474839556592 0.21079620040840139 0.18998869603267204
0 0.09742151035589265 0.6232041277712952 0.193566766336056 0.23710071470245042
0 0.16301642721703616 0.6760114315927654 0.14761249270711785 0.19518943261376898
0 0.06976553383897315 0.8706698512252042 0.1395310676779463 0.23844989789965
0 0.427232989352392 0.8323776619019836 0.2280712149941656 0.2260975787631272
0 0.4393779171528588 0.938454911756126 0.2385866394399066 0.123090176487748
0 0.8368946907817969 0.8097834014002333 0.19975204200700114 0.20635210035005835
0 0.23167207555425903 0.925026892502917 0.1650926196032672 0.14891609539089845
0 0.9604976480455074 0.8912722432905483 0.07900470390898484 0.19369894982497082
0 0.8567472834014 0.4798192276837805 0.1371472068261378 0.19587314031505243
0 0.959360414235706 0.3414048825845974 0.08004849766627775 0.290598563302217
0 0.9344757329346557 0.08656195303383897 0.12588882001166857 0.17312390606767794
0 0.9590345135647607 0.6101475897024503 0.07625164089848313 0.20183507147024504
1 0.5645101006417736 0.6288287631271878 0.4182103267211202 0.4062591161026837
