1 0.699229759723788 0.5395711492390078 0.260195004227734 0.4001241896843291
0 0.07686768954340473 0.07012093080608793 0.15373537908680945 0.14024186161217586
0 0.029147142756482523 0.21154964064261556 0.05829428551296505 0.2449883737316798
0 0.283643513951522 0.05266611471251409 0.21397177987598642 0.10533222942502818
0 0.3654413578072153 0.04323078142615558 0.21803216600901915 0.08646156285231116
0 0.8221423160935738 0.039177001127395715 0.21919479284103716 0.07835400225479143
0 0.6857120208568207 0.089002607102593 0.25023781003382184 0.178005214205186
0 0.9661340896279593 0.114393232102593 0.06773182074408113 0.17002096251409243
0 0.17206436724915444 0.2441230094419391 0.22131306369785791 0.2215288542841037
0 0.39911790093010147 0.215165233934611 0.2053665797632469 0.24928656989853434
0 0.5498256059751973 0.3153427106820744 0.18907659244644864 0.19752765642615558
0 0.617757803692221 0.24627210752536638 0.2086959202367531 0.20669655439684329
0 0.9058756693912062 0.3111083709131905 0.18824866121758743 0.23079023393461104
0 0.025137401352874858 0.5722414036076663 0.050274802705749716 0.1997868517474634
0 0.22844075887824128 0.44336818277903045 0.1876981750281849 0.18339997886133036
0 0.16090491121758738 0.5356186583990981 0.20160125422773392 0.2152092728297632
0 0.41150163824689967 0.48445427001127395 0.19247199126268316 0.19605235343855698
0 0.26974043475197296 0.6947267826944756 0.20479407412626832 0.2312922773393461
0 0.37292576803833144 0.7494164846392333 0.203125 0.23915322012401352
0 0.0474739289740699 0.9381804009301015 0.0949478579481398 0.12363919813979707
0 0.07836721392333709 0.8313596568489289 0.15673442784667418 0.21120613726042836
0 0.3049847625422773 0.9701306193630215 0.20335840614430664 0.059738761273957164
0 0.3378421822153326 0.939092006059752 0.1922694123449831 0.12181598788049608
0 0.6007565882187147 0.819561636837655 0.2246512119503946 0.23748854988726043
0 0.9245371512119505 0.7645614606820744 0.1509256975760992 0.2037195250845547
0 0.9638660865276212 0.9413115663754227 0.07226782694475764 0.11737686724915442
0 0.7812367883314543 0.9561658857102593 0.19278466741826383 0.08766822857948142
