0 0.531250 0.238281 0.398438 0.460938
1 0.531250 0.238281 0.398438 0.460938
1 0.105469 0.070312 0.203125 0.132812
1 0.099609 0.312500 0.191406 0.335938
1 0.236328 0.232422 0.183594 0.332031
1 0.833984 0.099609 0.207031 0.191406
1 0.957031 0.335938 0.078125 0.226562
1 0.849609 0.482422 0.230469 0.222656
1 0.343750 0.484375 0.187500 0.210938
1 0.644531 0.535156 0.187500 0.226562
1 0.140625 0.648438 0.210938 0.195312
1 0.384766 0.748047 0.199219 0.199219
1 0.583984 0.753906 0.183594 0.195312
1 0.787109 0.697266 0.214844 0.207031
1 0.937500 0.841797 0.117188 0.222656
1 0.757812 0.906250 0.226562 0.179688
1 0.416016 0.925781 0.246094 0.140625
1 0.158203 0.869141 0.214844 0.230469
1 0.968750 0.593750 0.054688 0.234375
