0 0.08779102563858032 0.06235174834728241 0.17558205127716064 0.12470349669456482
0 0.3224346339702606 0.05088381469249725 0.19570988416671753 0.1017676293849945
0 0.44146907329559326 0.060624539852142334 0.22963941097259521 0.12124907970428467
0 0.20979249477386475 0.17278194427490234 0.20274055004119873 0.20418697595596313
0 0.3231525421142578 0.2465168535709381 0.2437061071395874 0.16348624229431152
0 0.10169878602027893 0.37199389934539795 0.1462194323539734 0.17694371938705444
0 0.062394142150878906 0.4739999771118164 0.12478828430175781 0.186151921749115
0 0.726177990436554 0.11074806749820709 0.19572043418884277 0.1905229389667511
0 0.8022996783256531 0.09094344079494476 0.1735687255859375 0.18188688158988953
0 0.9660694003105164 0.08090336620807648 0.06060600280761719 0.16180673241615295
0 0.9471831619739532 0.12338688969612122 0.1056336760520935 0.21403098106384277
0 0.8478350043296814 0.3184291869401932 0.18564319610595703 0.21027985215187073
0 0.8887979388237 0.42522484064102173 0.17194747924804688 0.21638339757919312
0 0.8068482279777527 0.6487236618995667 0.2232499122619629 0.25335413217544556
0 0.9574916362762451 0.6678130626678467 0.08401334285736084 0.23550981283187866
0 0.16553136706352234 0.7227393984794617 0.19982653856277466 0.1810656189918518
0 0.069896399974823 0.8808664977550507 0.139792799949646 0.1996781826019287
0 0.25760069489479065 0.8252673447132111 0.2145501971244812 0.1784747838973999
0 0.2511448562145233 0.92351433634758 0.20080143213272095 0.14520740509033203
0 0.6615135669708252 0.9779762476682663 0.17460191249847412 0.04404750466346741
0 0.9410770237445831 0.927431508898735 0.11784595251083374 0.1451369822025299
0 0.8566432595252991 0.9573318809270859 0.14168429374694824 0.08533623814582825
0 0.43867430090904236 0.9811048358678818 0.16485852003097534 0.03779032826423645
1 0.43867430090904236 0.9811048358678818 0.16485852003097534 0.03779032826423645
1 0.4954920709133148 0.5845148861408234 0.39682382345199585 0.32700955867767334
