1 0.472526335259301 0.31123608370913186 0.3775498520293123 0.3657870631341601
0 0.15937235766629088 0.08330397406989853 0.21789564543404738 0.16660794813979707
0 0.20438451240135286 0.1621357983370913 0.19308413190529872 0.22853103861330326
0 0.16240883948703494 0.2871864430665163 0.2267254439120631 0.2371318348365276
0 0.019410143038331454 0.36336052001127395 0.03882028607666291 0.18198633032694472
0 0.22383429044532127 0.623689842869222 0.19554590614430664 0.236598964205186
0 0.06024300662344983 0.7174948914881624 0.12048601324689966 0.20735273393461107
0 0.07812059611048477 0.7723057003945883 0.15624119222096955 0.19062676155580605
0 0.18742513387824125 0.9531756447294251 0.22806863021420515 0.09364871054114998
0 0.19714231609357383 0.8980565635569335 0.19785354425028184 0.16101060456595262
0 0.8787344983089065 0.06696774591319053 0.24253100338218714 0.13393549182638106
0 0.6766025753945885 0.10090632046223223 0.2127915374859075 0.20181264092446446
0 0.863895592587373 0.3574703177846674 0.21376039317925588 0.19053427987598642
0 0.7740892756482525 0.34381165445321304 0.22791889797068776 0.23299217869222097
0 0.40449505002818487 0.8822642157553551 0.19857578213077787 0.23547156848928974
0 0.5022085505918827 0.9026872533821871 0.19963271561443063 0.19462549323562572
0 0.8984969525084554 0.8995296645997746 0.15685333286358505 0.20084378523111612
0 0.7821373837373168 0.8813195814543404 0.24686002677564822 0.20711492390078912
0 0.8561997956595264 0.694110238162345 0.2063486471251409 0.17103826099210817
0 0.7503170800450958 0.6617746793968433 0.2122146279594137 0.1978887753664036
0 0.629148463923337 0.6122463359639233 0.22073175028184888 0.22948668263810595
0 0.8542026317643743 0.5794637824126267 0.21224545518602023 0.20463993799323565
