1 0.39509274591319055 0.670796047068771 0.33639990839909806 0.3559223506200676
0 0.06643047139233371 0.03152524309470124 0.13286094278466742 0.06305048618940248
0 0.274018813416009 0.025291537485907553 0.18513951521984215 0.050583074971815106
0 0.03385049675873732 0.1502166713641488 0.06770099351747463 0.16765607384441938
0 0.03878725690529876 0.3060240804678692 0.07757451381059752 0.17468908540022546
0 0.5699073421645997 0.028876303551296504 0.21306898252536638 0.05775260710259301
0 0.9148463923337091 0.020746723506200677 0.17030721533258175 0.041493447012401354
0 0.1877642333709132 0.20087020856820745 0.20049147406989853 0.22255496054114993
0 0.4054374823844419 0.11760146561443068 0.21488778889515214 0.22126902480270574
0 0.7212712267474632 0.11684619856257045 0.2179264726606539 0.2097880848365276
0 0.3013405439684329 0.3041414177001127 0.19545342446448702 0.1906267615558061
0 0.3419620208568207 0.3922126021702368 0.20546786922209698 0.1817969630777903
0 0.749881094983089 0.33017501056933485 0.21482173055242393 0.20582458427282974
0 0.9264154100901916 0.3330551543122886 0.13787697294250278 0.22678709836527622
0 0.6696180066234498 0.35270971321871475 0.19256887683201807 0.17986805947012396
0 0.0803467622604284 0.5024023217305524 0.1606935245208568 0.19883120772266066
0 0.19039775930101466 0.567518232102593 0.12325605975197296 0.2260120138105975
0 0.03426226042841037 0.6641065388951521 0.06852452085682074 0.23335329763246904
0 0.0872916960259301 0.7184020927282977 0.1745833920518602 0.19716213359639234
0 0.038393108793686584 0.940655386837655 0.07678621758737317 0.09506676296505079
0 0.25527806158399097 0.8909200605975196 0.20873115135287482 0.2067538049605412
0 0.3416603544250282 0.9390259477170235 0.15436953917700108 0.12194810456595262
0 0.5997789247463359 0.9753536323280722 0.24918968432919952 0.0492927353438557
0 0.9088615064825254 0.9094075887824127 0.18227698703494932 0.18118482243517475
0 0.8287789775930101 0.8581198914881624 0.16796875 0.2285970969560316
0 0.9496239078354001 0.6054621441657271 0.10075218432919952 0.23694246758737314
0 0.8013405439684329 0.5677934751972942 0.17882433765501693 0.23059646279594131
