1 0.39965517545095824 0.345262736048478 0.3745287838218715 0.361598964205186
0 0.3389915973788049 0.03635851183765502 0.23847502113866964 0.07271702367531004
0 0.10879368658399097 0.22177327015219842 0.19201839064261556 0.20288278607666294
0 0.1665286781285231 0.1365844313697858 0.19902057497181508 0.21634107243517472
0 0.5905307567643743 0.14507513035512964 0.1966777057497181 0.24172509160090191
0 0.7657483089064261 0.17546196801014652 0.17440283258173617 0.21211333850056366
0 0.8445537098365276 0.30049059329199546 0.1958717939684329 0.171654805524239
0 0.8899159737880495 0.40732234709695603 0.21471603720405863 0.2148525577790304
0 0.9254531602311161 0.6201050768038332 0.14909367953776775 0.2011652691657272
0 0.9688887225197294 0.7999533187711386 0.06222255496054119 0.17081806651634723
0 0.8039630601747463 0.7712795941375422 0.2101139726606539 0.22403466741826383
0 0.5017615558060879 0.6516259160090191 0.24441586809470117 0.21395856820744075
0 0.1678806722096956 0.4308126937711387 0.1667752959413754 0.22732437288613305
0 0.042512947435174746 0.4497560245208568 0.08502589487034949 0.2030016910935738
0 0.04093855693348365 0.6408914353156707 0.0818771138669673 0.18510868799323565
0 0.09569651916572716 0.6602245102874857 0.1876145011273957 0.21664053692220964
0 0.2720568806369786 0.756473717587373 0.21412151211950395 0.21784279875986468
0 0.38038595687711385 0.854977716319053 0.19457264656144302 0.18177934751972935
0 0.5881834836527621 0.8630918827508456 0.19983969842164595 0.20718538613303272
0 0.9316582405580608 0.9644165727170235 0.1366835188838782 0.07116685456595262
0 0.7362180277621194 0.9611356750281849 0.19532571166854562 0.06213007328072151
0 0.5209955432638106 0.9829569475760991 0.12421170377677565 0.029259441939120667
0 0.29389136485343853 0.9802639691375423 0.16167118799323563 0.039472061724915464
0 0.09187614501127395 0.9429740346674182 0.1837522900225479 0.11383173618940245
