1 0.3669034491262683 0.45328133807779025 0.26018619644870344 0.2562931581172491
0 0.05953838430101465 0.08831119644870349 0.1190767686020293 0.17662239289740697
0 0.2174442467587373 0.14182285794813979 0.2069960188838782 0.20803974069898534
0 0.7862219912626831 0.03638053128523112 0.246635428410372 0.07276106257046223
0 0.9189926543122886 0.15628963500563697 0.1620146913754228 0.2345511555806088
0 0.806911464205186 0.19068621406426156 0.19782271702367527 0.21723065811724918
0 0.7153083603438557 0.2355310209977452 0.20050468573844415 0.21594472237880494
0 0.5820730869503945 0.3571972766347238 0.22066569193912056 0.2133640431228861
0 0.24172509160090194 0.2494032729706877 0.19838641488162348 0.13692132891770012
0 0.12241491685456594 0.4205384195321308 0.20244680101465615 0.228786464205186
0 0.026958409667418262 0.4927027550732807 0.053916819334836524 0.18747357666290865
0 0.060661376127395715 0.6882200359357384 0.12132275225479143 0.18062552846674185
0 0.06483626338782413 0.9178806722096956 0.12967252677564825 0.1642386555806088
0 0.19352452085682073 0.7935368517474634 0.21659209413754227 0.21124577226606545
0 0.27580238866967305 0.9217296716459977 0.20411147125140927 0.13744539177001125
0 0.46396737598647125 0.9691089169954904 0.16498731679819623 0.0617821660090192
0 0.5410816833427283 0.8492856891206313 0.19924517333709135 0.2151211950394588
0 0.6242469348928974 0.8813349950676437 0.18927917136414885 0.197976853156708
0 0.5243491051296505 0.6218842481679818 0.2094489853438557 0.21252730411499432
0 0.7427798231397971 0.7406813697857948 0.2018963148252536 0.19512753664036075
0 0.708623256059752 0.5332097308342727 0.2100611259864713 0.20562640924464481
0 0.8391060985062007 0.4078133807779031 0.2193621406426156 0.2094930242390079
0 0.9630667805806087 0.4188803551296505 0.07013194052987592 0.18200394588500562
0 0.927322611330327 0.6249339416572717 0.1453547773393461 0.203424464487035
0 0.9265189014937992 0.7404413578072153 0.14696219701240132 0.18656197153325815
0 0.9600391065388951 0.922788807074408 0.07992178692220975 0.15442238585118373
0 0.9121247886133033 0.9249158857102593 0.16112950958286354 0.1309584625140925
