1 0.5662124788613303 0.20300829692784664 0.3740223365276212 0.3280941727733934
0 0.06132856538895152 0.21822373520293123 0.12265713077790304 0.2494495138105975
0 0.21795729988726043 0.21158487175873733 0.16561266910935737 0.21398499154453215
0 0.3322382328072153 0.1871917277339346 0.14610343855693347 0.22515325535512964
0 0.9426635604565952 0.07231626972942502 0.11467287908680945 0.14463253945885005
0 0.8599629192502818 0.22994028325817362 0.20286517051860198 0.22637753664036075
0 0.9393980763810597 0.3978077437993235 0.12120384723788047 0.2646297209695602
0 0.2779030439684329 0.4252858124295378 0.23442784667418262 0.2118667206877114
0 0.0782813380777903 0.6699174711104847 0.1565626761555806 0.2276678762683202
0 0.20187429537767757 0.6192859533540023 0.23803903607666294 0.2135313909244645
0 0.46162010287485905 0.5922460717305524 0.21482173055242393 0.20306774943630213
0 0.8403171681228861 0.6223576662908681 0.2166845758173619 0.22051155580608794
0 0.675611700253664 0.7623308906426156 0.2196439895715896 0.23021772829763243
0 0.6875396350056369 0.9469881799605411 0.2073086950394588 0.10602364007891774
0 0.5031025401634723 0.8757816903889515 0.18607754368658397 0.18686143602029315
0 0.3045619891488162 0.9279105305806088 0.2241976113303269 0.1441789388387824
0 0.09162512330890642 0.9114686090755355 0.18325024661781283 0.17706278184892899
0 0.4697606926437429 0.9695294884441938 0.17156232384441938 0.053762683201803885
