1 0.4846029025670945 0.6044044450116686 0.27429441365227536 0.28956844369894974
0 0.06502971849474912 0.10517247666277713 0.13005943698949823 0.21034495332555425
0 0.3566584014002333 0.06536017721703617 0.2222688156359393 0.13072035443407234
0 0.6035999489498249 0.11798743801050174 0.21554113185530926 0.21043155630105015
0 0.8292485596557759 0.18378974620770125 0.21841726225204205 0.2460253792298716
0 0.7678197017211201 0.26655940052508753 0.21961147170361728 0.22755615519253208
0 0.9339128135939323 0.35877105819719946 0.12551050175029177 0.19377643669778294
0 0.6913082518961493 0.4555430462368728 0.20282872666277718 0.1987447126604434
0 0.7367315125437572 0.5099661792590431 0.23595208576429405 0.23385082409568259
0 0.3504343822928821 0.2355259079638273 0.23106129667444572 0.2174874197782964
0 0.4738778077596265 0.2928775889731622 0.2098253354725787 0.23281614644107346
0 0.07761221922403733 0.3616243983372228 0.15522443844807465 0.19113276691948655
0 0.2654882584597432 0.43111189104434067 0.2246663506417736 0.2070585983080513
0 0.23750410224620766 0.5629466890315052 0.22218221266044336 0.19311551925320886
0 0.05233554550758459 0.5660165366102683 0.10467109101516918 0.21549099329054838
0 0.04743336128938156 0.7776240701575262 0.09486672257876312 0.20875419340723456
0 0.22037494530338392 0.7854593604142356 0.18246335326721122 0.24045999854142353
0 0.31551515096266036 0.7916423570595099 0.20703124999999994 0.23338134480746786
0 0.14454036610268378 0.9188142685239206 0.23571506709451573 0.1598371864060677
0 0.3901828690198366 0.9497474839556592 0.2104178821470245 0.10050503208868145
0 0.5832209014002334 0.8852077559801632 0.249626239789965 0.20345773774795795
0 0.8024700080221703 0.8006057650233371 0.17649230600933485 0.2068580440490081
0 0.8321725495915985 0.9286551013710618 0.20595099183197196 0.14268979725787634
0 0.9490683343057176 0.7014385210035005 0.10186333138856474 0.222861362310385
0 0.9633965686989497 0.8071146623395564 0.07177563448074675 0.20855363914819136
