0 0.6768729032963827 0.13224958065927653 0.21880013856476077 0.22901017357059508
0 0.24275497739206534 0.07416405338389731 0.19087751604434072 0.14832810676779462
0 0.3877739388856476 0.11398546893232205 0.2478896222287048 0.20338480892648772
0 0.08402311843640606 0.2671906906359393 0.15936770711785297 0.24081552654609104
0 0.8943580440490081 0.07490473672695448 0.20520347141190198 0.14980947345390896
0 0.8699382839848306 0.30548287995915985 0.2601234320303384 0.23429751312718786
0 0.8185736034130687 0.4848604324679113 0.21780648337222863 0.2181984757876313
0 0.6343303310968494 0.4829733992123687 0.16732606476079348 0.255857095974329
0 0.9203890752625437 0.6696848563302217 0.15922184947491247 0.27472742852975496
0 0.7332013017794632 0.7265351516919485 0.20742324241540255 0.2756344807467911
0 0.5614653223453908 0.7119448293465576 0.2133988477246207 0.26010975787631263
0 0.10962113477246206 0.7715390716161026 0.21924226954492412 0.24652220682613768
0 0.07423014512835471 0.9182900926196031 0.14846029025670943 0.1531277348308051
0 0.34560740592182027 0.8022854069428238 0.23144417298716452 0.1793410880980163
0 0.39131782380396735 0.9325704674737456 0.23522279754959163 0.13485906505250878
0 0.6508555462368728 0.9724329054842473 0.1669842109101517 0.05513418903150524
0 0.8018227647316218 0.9160361362310384 0.2054997447491248 0.16792772753792296
0 0.9347765643232204 0.9420398191365227 0.12619876750291714 0.11592036172695452
1 0.32896823949824966 0.5002438557467911 0.4276090285880979 0.43921838535589264
