1 0.31318040093010147 0.5380187781848929 0.4244953142615558 0.3797914317925592
0 0.030732542981961666 0.09302996406426156 0.06146508596392333 0.1848620701803833
0 0.16698448069334837 0.13109938697857948 0.189723964205186 0.16530439684329198
0 0.19837320321307778 0.0812319440529876 0.23571378241262683 0.1624638881059752
0 0.33541123520293126 0.2234797773393461 0.1894333074971815 0.18909420800450957
0 0.08328856045659525 0.32482648675310033 0.16119556792559186 0.24921610766629088
0 0.5272600760992108 0.1253765325535513 0.2140202226606539 0.2030589416572717
0 0.729028678128523 0.14174138599210823 0.1844701240135287 0.21106521279594137
0 0.7997111048478016 0.025736330326944758 0.18085012683201807 0.051472660653889515
0 0.9152867812852311 0.14981811936302142 0.16942643742953778 0.21509917559188274
0 0.7936469489853438 0.37189745983652756 0.17309047350620066 0.21347854425028184
0 0.8482419673055241 0.32323448069334837 0.19968115839909806 0.19319422914317924
0 0.8758059117812852 0.5433254650507328 0.20375035231116123 0.18652233652762118
0 0.665286781285231 0.5602914494081173 0.16636133032694478 0.17444246758737314
0 0.683864589205186 0.6563270680665163 0.2009714980270575 0.21242161076662913
0 0.8645143390642616 0.7450852593010147 0.1702279453213078 0.19166607948139802
0 0.9816776176719278 0.8009970405862458 0.0366447646561443 0.17117037767756482
0 0.9317969630777903 0.9502030193066516 0.13640607384441938 0.09959396138669674
0 0.6029937640924464 0.8200812958004509 0.21805418545659522 0.2585303339909808
0 0.7494495138105974 0.9297381447294251 0.21012718432919952 0.14052371054114998
0 0.4569784033258173 0.9729601183765502 0.1967217446448703 0.05407976324689967
0 0.06959466600901916 0.6438046082299886 0.13918933201803832 0.2137912204058624
0 0.10885313909244645 0.7464042242108231 0.18916907412626832 0.16219965473506204
0 0.21360405510146563 0.8305845722942502 0.17560509441939123 0.17734903466741825
0 0.07087839980270574 0.9621177423900789 0.1417567996054115 0.07576451521984218
0 0.26636925732807215 0.9350646490980834 0.18008385005636976 0.12049041713641484
