1 0.5004073597801578 0.42696149239007886 0.341006376832018 0.34640994926719276
0 0.32263995560879366 0.20797808624577227 0.21104759723788047 0.21476007609921083
0 0.19907121970124014 0.43458242319616686 0.22036622745208567 0.2366870419954904
0 0.8581242953776775 0.1259138070744081 0.24021455749718157 0.21893936724915444
0 0.7725104812570461 0.3392448210259301 0.2114615628523111 0.21801014656144307
0 0.9253496688275084 0.5187671751691093 0.14930066234498307 0.24350426296505073
0 0.7264722202649381 0.5679652268883878 0.23768232102593012 0.22116333145434042
0 0.1924719912626832 0.8986334730834273 0.2096339487034949 0.20132380918827508
0 0.44287935104284104 0.8749163260992108 0.20561319757609914 0.25016734780157834
0 0.697417559188275 0.7923874365839909 0.20497463359639234 0.21043545659526497
0 0.8247141875704622 0.896343450535513 0.25717393602029315 0.2073130989289741
