1 0.28304238303269447 0.6551732490135287 0.3426490276211951 0.4320611964487035
0 0.07864245701803833 0.10352663472378805 0.15728491403607667 0.2070532694475761
0 0.19128954692784667 0.04471269024802706 0.1834175944193912 0.08942538049605411
0 0.388412045518602 0.027103738021420517 0.18656197153325815 0.054207476042841034
0 0.8432721779875987 0.031661763669673056 0.22078900084554676 0.06332352733934611
0 0.314153660512965 0.13976844348928974 0.217688662626832 0.1726104495490417
0 0.5108093468151071 0.15847836809470123 0.18765413613303272 0.21609885851183763
0 0.7357424076944757 0.13020099351747463 0.23272354143179252 0.19880918827508454
0 0.0910658293404735 0.3265175803269448 0.182131658680947 0.2058818348365276
0 0.3149155333990981 0.3322206172491544 0.2489034315107103 0.1936214064261556
0 0.5637991474069899 0.28405968151071026 0.21832722660653892 0.18404735062006763
0 0.8390906848928974 0.2642994292559188 0.21292805806087933 0.2030369222096956
0 0.9756597026493798 0.30920368869785797 0.04868059470124009 0.16577561302142055
0 0.7285860872322436 0.44097907271702363 0.24410319193912067 0.20115205749718146
0 0.04146482173055242 0.5194387683201804 0.08292964346110485 0.18695391770011277
0 0.051695057074408114 0.7371450465050733 0.10339011414881623 0.1940529875986471
0 0.12925415727170236 0.9232027726888388 0.18949055806087933 0.15359445462232246
0 0.35428630566516345 0.9337522900225479 0.2112149450394588 0.12916607948139802
0 0.9420029770293123 0.4639167312570462 0.11599404594137541 0.1706639303833145
0 0.8471035618658398 0.6219701240135287 0.23735643320180377 0.22928410372040586
0 0.7586910759582863 0.7071919919673055 0.22410072576099216 0.21444739994363016
0 0.586338253945885 0.8534715861048477 0.19697717023675315 0.20698721110484786
0 0.766968186302142 0.8986158575253664 0.2544655439684329 0.1809866474069899
0 0.9755782306933484 0.6785689120631341 0.04884353861330326 0.2514708990980834
0 0.9520658645715896 0.9451693735907553 0.0958682708568207 0.10966125281848926
0 0.5786204375704622 0.9754659315107101 0.1348250775084554 0.04185456595264936
