1 0.32045562640924463 0.579739025507328 0.45060157130777906 0.44479724492671924
0 0.07415489360202931 0.05659438416009019 0.14830978720405863 0.11318876832018038
0 0.23952314684329196 0.11056625211386696 0.19093503382187146 0.22113250422773392
0 0.029444405298759864 0.2031448175028185 0.05888881059751973 0.1433950465050733
0 0.07539458850056371 0.3388022301296505 0.1470370631341601 0.23208938134160093
0 0.36292893883878236 0.1793395927282976 0.24225796223224347 0.19401775648252534
0 0.5379262965050733 0.07372331242953777 0.26444475760992114 0.14744662485907553
0 0.6639986436020293 0.20675820885005636 0.2148613655580609 0.2298037626832018
0 0.8836690565107101 0.10230015149379933 0.20600954763246893 0.2030149027621195
0 0.8629641699549041 0.3851069264374295 0.2717904453213078 0.22871159808342728
0 0.8065217199830891 0.5500524062852311 0.21162891065388956 0.2161561090755355
0 0.6196184470124013 0.5608947822717023 0.16206313416009022 0.25653096815107096
0 0.9125541678410372 0.7408178903607666 0.17489166431792558 0.27034596956031565
0 0.7157003065107103 0.8019791079481398 0.2163674957722661 0.2816375422773394
0 0.5499224915445321 0.7891373661217587 0.21528854284103716 0.2663031989853438
0 0.10170342446448703 0.84685474210823 0.20340684892897407 0.2549940107102593
0 0.3282879439120631 0.8667493129932355 0.22275753945885002 0.1791105904735062
0 0.7814261555806088 0.954067432356257 0.21624859075535519 0.08037098365276207
0 0.9426613585118375 0.9783658927564824 0.10392298478015782 0.043268214487034995
0 0.9864382222378805 0.8885948069334837 0.027123555524239062 0.10683835963923338
0 0.38586659737880497 0.9707867989007892 0.21535460118376548 0.058426402198421656
0 0.06900014092446448 0.956991614994363 0.13800028184892896 0.08243200394588501
