1 0.3965152022266065 0.7345401458568208 0.24767915022547915 0.31239871054115
0 0.1852826416290868 0.16919743517474634 0.23485502395715896 0.1904065670800451
0 0.22633569968996617 0.06728922984780157 0.23570937852311163 0.1300600690529876
0 0.4642139937993236 0.10340332581736188 0.22129544813979712 0.20317784667418262
0 0.7411746054114994 0.15111946871476886 0.23803903607666288 0.24065494644870347
0 0.9332964874577226 0.33579437359075537 0.1334070250845547 0.2134697364712514
0 0.37170809258737314 0.33221621335963925 0.21305577085682076 0.21549992953776778
0 0.14901000563697858 0.35468705961104846 0.2229425028184893 0.18911622745208567
0 0.10113312077226608 0.4836791854565953 0.19689349633596392 0.21234674464487036
0 0.11327464416572718 0.6529316692502818 0.19590702508455468 0.21557479565952642
0 0.2804528959977452 0.6134331841882751 0.18562394306651633 0.2489210470687711
0 0.7224536710822999 0.505780104988726 0.19636943348365277 0.1994037133596392
0 0.9086875528466742 0.554608229988726 0.18262489430665163 0.22357666290868095
0 0.6517470229706877 0.6402286499436302 0.22541308483652756 0.2471991262683202
0 0.8332995701803834 0.7713610660935738 0.22671223224351744 0.22939420095828633
0 0.7679436478297632 0.9345229706877113 0.21408628100338223 0.1309540586245772
0 0.5313667030721533 0.9476531672773394 0.24545958990980826 0.10469366544532133
0 0.54892941445885 0.8863378135569334 0.20178181369785791 0.15320691234498307
0 0.19848330045095827 0.851883983934611 0.19060033821871475 0.24970934329199546
0 0.0696034737880496 0.8738902198421645 0.13047843855693347 0.2047896702367531
