1 0.25827050450958283 0.6762568700676437 0.39309117812852307 0.4007979847801578
0 0.07232067361894025 0.06576768602029312 0.1446413472378805 0.13153537204058624
0 0.33444017756482525 0.03477751550169109 0.2103826099210823 0.06955503100338219
0 0.9308479248872604 0.07857639867531004 0.13830415022547915 0.15297791009019165
0 0.5359049112175873 0.10455274098083428 0.2616526916572717 0.19882680383314544
0 0.1889488796505073 0.1898758983934611 0.2327191375422773 0.21708092587373168
0 0.037950517897406985 0.2728473788049605 0.07590103579481397 0.19107595828635848
0 0.08795448139797069 0.44004544813979707 0.17590896279594137 0.20487774802705744
0 0.4751642650789177 0.21635868799323563 0.2416986682638106 0.21492742390078917
0 0.709374119222097 0.14712293897970688 0.23107208286358516 0.23532183624577227
0 0.8820440212795941 0.13180621124577224 0.19474439825253664 0.17726095687711385
0 0.8281536252818489 0.31370666572717026 0.2287336175310034 0.2055823703494927
0 0.6746582581736189 0.4471026810879368 0.2159667418263811 0.24820761696730548
0 0.4628333744363021 0.4750453600620067 0.22760622181510715 0.18713447717023673
0 0.544651035794814 0.6358952226606538 0.2232860062006764 0.19978685174746336
0 0.6661411358511837 0.7381953741544531 0.196994785794814 0.22159050873731678
0 0.9016347237880495 0.4763907483089064 0.1967305524239008 0.15113268038331457
0 0.8339909808342728 0.6376876056933483 0.2202385146561443 0.1699460963923337
0 0.8804366016065388 0.734905668686584 0.19989694898534383 0.2180321660090191
0 0.49196730552423895 0.9180744433483652 0.18851289458850057 0.15684012119503943
0 0.15477469701240132 0.9525657060315671 0.12307109639233368 0.08716178128523111
