1 0.4127501409244645 0.481450817361894 0.19463430101465612 0.3522495067643743
0 0.034676226042841034 0.05919267897406989 0.06935245208568207 0.11838535794813979
0 0.17764189332018038 0.06355693348365275 0.21904506059751971 0.1271138669673055
0 0.42786208779594137 0.08308598153889515 0.2533337443630215 0.1661719630777903
0 0.6877268003100339 0.057052388669673056 0.2206921152762119 0.11410477733934611
0 0.9034887612739572 0.10139074830890642 0.19302247745208567 0.1832634582863585
0 0.7527788542841037 0.25947496829199546 0.24098964205186024 0.23734762542277338
0 0.941146420518602 0.33940556299323565 0.11770715896279593 0.24591759441939123
0 0.8548279840755355 0.5062887542277339 0.24833092587373173 0.25341741826381053
0 0.08643293757046223 0.211428533680947 0.17286587514092447 0.1992892122322435
0 0.2748137154735062 0.24213905721533258 0.267567115276212 0.25920412908680945
0 0.03169259089627959 0.46546469842164595 0.06338518179255918 0.23026176719278463
0 0.18047359427846674 0.38625634160090194 0.22014603297632468 0.2078283540022548
0 0.20662389021984215 0.49371785160653886 0.20770064120631343 0.24073862034949267
0 0.5054476113303269 0.7166999894306652 0.2093873308906426 0.21028132046223225
0 0.758754932356257 0.724880214205186 0.23107208286358505 0.22864113585118373
0 0.09761661499436301 0.8951015536922209 0.19523322998872603 0.20505830749718157
0 0.22327499647688837 0.8645914071307779 0.21590068348365277 0.20530492531003386
0 0.41325658821871475 0.8966054819616684 0.20623414599774514 0.19703882468996614
0 0.6004989606820743 0.9079212760710259 0.22964081877113862 0.1694924957722661
0 0.7758508314543404 0.8812601289458849 0.22127783258173617 0.22771191516347233
0 0.9534905228297632 0.9088571025930101 0.09301895434047347 0.18228579481397966
