0 0.128947272462077 0.07674846849474912 0.2050940781796966 0.15349693698949823
0 0.3312108007584597 0.03642110924737456 0.2235359539089848 0.07284221849474912
0 0.5060097906942824 0.13648856840723453 0.23765223891481912 0.23506326575262543
0 0.791013345974329 0.1566192021586931 0.2397535005834306 0.20775598016336055
0 0.27445622447491247 0.212266171966161 0.2354370259626604 0.19898173133022168
0 0.13705376677362893 0.26203553456826134 0.25185512689614936 0.19419577742123684
0 0.26926460399649943 0.39848308051341885 0.17756800612602103 0.1461675904317386
0 0.3671373614352392 0.38322044559509916 0.25897936114352393 0.21894599620770128
0 0.03749908838973162 0.4196848563302217 0.07499817677946324 0.16904445011668612
0 0.098902877042007 0.564952231621937 0.1919167517502917 0.2119676196032672
0 0.21393441875729285 0.6319920507584597 0.19114188302217036 0.21225933488914817
0 0.045386796236872806 0.7279777749416569 0.09077359247374561 0.20511686843640609
0 0.10097906942823803 0.868306501604434 0.20195813885647607 0.19479744019836642
0 0.2661742451866978 0.8568338863768961 0.15379321032672114 0.20721357205367563
0 0.9624370988914819 0.09824651764877479 0.07512580221703613 0.19649303529754958
0 0.9412307650233371 0.3877693808343057 0.11753846995332551 0.24468075408401396
0 0.8558584633897316 0.5701962696907817 0.21395037193698951 0.19291952304550758
0 0.7899991795507584 0.40734165329638267 0.24066966890315056 0.18052162339556588
0 0.8064172804842473 0.8669140169194866 0.1952532453325554 0.18076320011668612
0 0.4424340905775962 0.9296100131271878 0.16235323074679114 0.14077997374562423
0 0.7654358408693114 0.9598207774212368 0.22460709597432904 0.08035844515752621
0 0.9342728996499416 0.6663985013127187 0.1314542007001167 0.1942960545507585
1 0.5792098162193698 0.629651491394399 0.39633168028004667 0.4351343713535589
