0 0.2780753172403734 0.0338389731621937 0.22723253354725784 0.0676779463243874
0 0.13094369894982497 0.14356494311551923 0.2137087952158693 0.23017247666277713
0 0.07021450189614935 0.2987346849474912 0.1404290037922987 0.21249635355892643
0 0.23627798643523917 0.2000414782672112 0.19904554404900812 0.1926186916569428
0 0.14742789162777128 0.40694054477829633 0.19722232351225205 0.21136139877479576
0 0.6908114242998833 0.14807741394399063 0.19630159714119022 0.1705896295215869
0 0.8480641955950992 0.11328580805134188 0.18879904463243868 0.21737346849474912
0 0.8657198074679112 0.3923616175612602 0.17194792882147025 0.20140205659276544
0 0.22184719588681445 0.609956151546091 0.19549938010501752 0.2099848672695449
0 0.18241093567677946 0.7087154499708285 0.21167134626604434 0.23670416423570595
0 0.04281149722870478 0.8061164490956825 0.08562299445740956 0.20895474766627764
0 0.44333430571761956 0.6996061843640606 0.19145638856476083 0.18783729579929986
0 0.7066301414819136 0.5894585946616102 0.22183124270711785 0.1985076939906651
0 0.8896769253208867 0.6789582117852975 0.20967036172695452 0.2184309364060677
0 0.7685512689614935 0.7881098672695448 0.21803894399066515 0.20873140315052507
0 0.4577628172403734 0.8820285151691948 0.2589930352975496 0.18983372228704787
0 0.37296710910151687 0.9415361544632438 0.23075590723453904 0.1169276910735122
0 0.5924623504959159 0.9631094114644106 0.19691237602100342 0.07378117707117848
0 0.873621189469078 0.9494603267211201 0.21355837952158685 0.10107934655775963
0 0.9621681738623102 0.8685047768378062 0.07416861143523923 0.2289053383897316
1 0.4347925175029171 0.3949824970828471 0.3976261668611435 0.39789964994165683
