1 0.41942863937429536 0.742519993658399 0.24273798618940245 0.31640625
0 0.2684963359639233 0.08515140572153326 0.2363655580608794 0.15922262542277338
0 0.2162816199267193 0.17861074901352875 0.23872163895152199 0.19509670941375423
0 0.4954661957440812 0.11594560315670802 0.2164379580045096 0.20729107948139797
0 0.9032509512401352 0.021129861894024802 0.159614571589628 0.042259723788049604
0 0.7685910195885005 0.1570074689966178 0.23751497322435178 0.24738408962795938
0 0.3973519412344983 0.33761317996054113 0.21185791290868095 0.21614730129650506
0 0.17802943559751971 0.3680880954058625 0.21700165586245768 0.19884882328072156
0 0.12457722660653889 0.49608714416572713 0.19316340191657272 0.22783522406989853
0 0.021484375 0.6277105939966179 0.04296875 0.2426587161781285
0 0.13079551860202931 0.660438098928974 0.19298724633596392 0.23395222660653892
0 0.2955009864712514 0.6155998978297632 0.20454305242390078 0.24958163049605409
0 0.22660874083990978 0.8631337197012401 0.1842367178692221 0.25350989994363016
0 0.08473083427282976 0.8792673689402479 0.16189578635851182 0.20700923055242393
0 0.9480319017756482 0.33940556299323565 0.10393619644870344 0.1973338852874859
0 0.9202763881059752 0.5568762330890642 0.15944722378804965 0.2213571025930101
0 0.7441692502818489 0.5179920906144306 0.1877113866967305 0.20951504368658397
0 0.6751360801860202 0.6394403537204059 0.22677829058624577 0.2373344137542277
0 0.8592406813697857 0.7787331771420518 0.2194854495490417 0.22956154875986468
0 0.5596749048759864 0.9550340861048479 0.23958480129650506 0.0899318277903044
0 0.5801111541713642 0.8927234533540022 0.21920800450958283 0.15467781144306647
0 0.7953292347801578 0.9332260252254791 0.21927846674182638 0.12273199689966174
