1 0.4884485978015783 0.7803978473788049 0.4079499013528748 0.41507099069898534
0 0.6677749788613303 0.13154197787485908 0.22671223224351744 0.23846621335963922
0 0.8976734251691094 0.2409478051014656 0.20465314966178128 0.22348418122886132
0 0.4974809751972942 0.19575288895152196 0.12354671645997745 0.254668122886133
0 0.2952191375422773 0.31710867037767754 0.21792206877113862 0.234916678410372
0 0.2121375598928974 0.5441533962795941 0.2208858864148816 0.2126550169109357
0 0.15588667911499438 0.7598999436302142 0.22501673478015785 0.20586421927846676
0 0.7319902938275085 0.5661530263528749 0.22643478720405863 0.23885375563697864
0 0.9039445638387824 0.49343159878804965 0.19211087232243518 0.24713306792559192
0 0.7316842235062007 0.9344106715050733 0.23061407835400227 0.13117865698985343
0 0.9160068172209695 0.9760010040868095 0.156791678410372 0.04799799182638109
