1 0.5347819193912063 0.7108097872040586 0.3606080890642616 0.36665022547914317
0 0.09181669250281849 0.03666017826944758 0.18363338500563697 0.07332035653889515
0 0.07790920941375422 0.1964949443348365 0.15581841882750844 0.2056131975760992
0 0.3430673971251409 0.12624850267756482 0.20737034949267194 0.19170571448703494
0 0.5796047068771139 0.1222299534949267 0.22869398252536643 0.23363514656144305
0 0.7140972907271702 0.15037300944193913 0.22250651775648245 0.20127977029312288
0 0.8484401423337091 0.18536631552987595 0.18798442784667424 0.20495261414881621
0 0.05137357313979707 0.42080045095828633 0.10274714627959414 0.21252290022547915
0 0.11188962091319053 0.5348699971815106 0.22249330608793685 0.21375598928974066
0 0.18631535372040586 0.36693868024239007 0.20768742953776775 0.20771825676437428
0 0.2749128029875986 0.5228253593573844 0.15238338500563697 0.2808008032694475
0 0.4855948773957159 0.4550715191657272 0.22322435174746336 0.18690107102593007
0 0.6458480129650507 0.3726307074408117 0.20302811443066515 0.21463676719278468
0 0.7750030827226606 0.3812667347801578 0.2332872392897407 0.20795166290868095
0 0.9715090367812851 0.4184443700676438 0.0569819264374295 0.18395927282976327
0 0.9601778290586245 0.6650401634723788 0.07964434188275082 0.22450147970687706
0 0.8388176437429538 0.8310623943066515 0.22325958286358505 0.23342375986471253
0 0.9535741967305523 0.9343247956595264 0.09285160653889513 0.11908998027057494
0 0.6791149943630214 0.9532747322435173 0.20692115276211953 0.093450535512965
0 0.5440234815388951 0.966158311020293 0.1933791925028185 0.0676833779594137
0 0.2614545166290868 0.9247837690248026 0.23907835400225477 0.1504324619503946
0 0.02733714416572717 0.9025331172491544 0.05467428833145434 0.15174041713641484
