1 0.39772627184329196 0.5114457088500564 0.35044831595264936 0.3527339346110484
0 0.21155844842164598 0.0295412908680947 0.20953706313416004 0.0590825817361894
0 0.15756456102029312 0.10837311513528748 0.20240716600901915 0.1968230341037204
0 0.20685069052987598 0.19547544391206312 0.2277867812852311 0.22078459695603156
0 0.19428419179819614 0.35259521209131905 0.20434487739571588 0.25236488866967305
0 0.1331515994926719 0.5460316551578354 0.17013105975197293 0.22321114007891762
0 0.044952702226606536 0.3905303163754228 0.0828944123449831 0.19681422632468998
0 0.03324055806087937 0.7683399978861329 0.06648111612175873 0.2239157624013529
0 0.1735638916290868 0.8328085364994362 0.20447699408117248 0.20777991121758743
0 0.4344833356820744 0.780600426296505 0.1956824267192785 0.17091935597519725
0 0.5984709695603156 0.9133160407271702 0.22251092164599773 0.1709281637542277
0 0.6651656743235626 0.7642509864712514 0.23031901775648256 0.1639215755355129
0 0.792748555524239 0.8398085188838782 0.1781813697857948 0.17591777057497182
0 0.9134459554678692 0.9381121406426156 0.16417700112739575 0.12377571871476889
0 0.9368724457440811 0.6607045342446449 0.12625510851183763 0.23124383455467867
0 0.9115148499154453 0.5844511872886132 0.17697030016910942 0.20285636273957158
0 0.6540128241262683 0.327283857102593 0.2254439120631342 0.19500422773393458
0 0.4994869468714769 0.17961483582299886 0.19524644165727167 0.2072778678128523
0 0.716057021561443 0.171394976042841 0.2083788401916573 0.2126462091319053
0 0.5507217974915445 0.03594674816798196 0.2135049675873732 0.07074848506200676
0 0.8032474281285231 0.03938178198985343 0.21300732807215328 0.07569845687711386
0 0.9141593855693347 0.12494274943630214 0.1716812288613303 0.2069651916572717
