1 0.5437108053833145 0.4944070603156708 0.34586827085682065 0.3455203635851184
0 0.08790163472378805 0.04901088641488162 0.1758032694475761 0.09802177282976324
0 0.2364888669673055 0.12227839627959414 0.2152533117249154 0.20396173900789177
0 0.058904224210822996 0.2224778924746336 0.11780844842164599 0.21494944334836524
0 0.1527621195039459 0.21223444546223222 0.19853614712514095 0.22233916995490416
0 0.4498022653607666 0.10854706877113866 0.19524644165727167 0.21709413754227733
0 0.8303841953213078 0.04368658399098083 0.22408751409244643 0.08737316798196167
0 0.368248837373168 0.28542929114994364 0.20796927846674185 0.21450465050732806
0 0.5871970124013528 0.2174002078635851 0.2080661640360767 0.2128443841600902
0 0.8374634477170236 0.23307805453776775 0.21116209836527622 0.21454428551296503
0 0.791936037908681 0.33872956595264936 0.21322311865839905 0.2173319475760992
0 0.8257799288331453 0.5308536499436303 0.21154083286358505 0.20981010428410374
0 0.8953944123449831 0.6413494398252537 0.20921117531003386 0.23244169250281843
0 0.9751950923055241 0.3150652656426155 0.049609815388951484 0.19941252113866964
0 0.22777136767192785 0.48596040022547915 0.24763511133032692 0.23972132187147693
0 0.08405263528748591 0.6378549534949267 0.16810527057497182 0.22387612739571594
0 0.22632689191093575 0.7161076662908681 0.21702807919954903 0.24881094983089058
0 0.4115258596392333 0.9012251620631342 0.227945321307779 0.1905122604284104
0 0.5076077191375423 0.9655505742671928 0.20334079058624577 0.06889885146561447
0 0.7125184963359639 0.9695911428974069 0.18141382468996614 0.060817714205186
0 0.8726241016065388 0.8514303833145433 0.23550679960541154 0.2113955045095829
