1 0.6345322188556932 0.47389374295377673 0.38131077367530997 0.356151352874859
0 0.10241245067643742 0.058450623590755355 0.20482490135287484 0.11690124718151071
0 0.20723823280721532 0.024040832863585118 0.21104319334836527 0.048081665727170236
0 0.21506834836527622 0.08565344912626831 0.19468714768883877 0.1705670448139797
0 0.043831912344983084 0.21578618235625704 0.08766382468996617 0.23513246899661783
0 0.08633164811161217 0.24814816445885005 0.17266329622322435 0.22253294109357385
0 0.16888475901916572 0.28263942714205187 0.1776264797068771 0.20471480411499435
0 0.5186835012683202 0.02726888387824126 0.19835558765501693 0.05453776775648252
0 0.38718556228861334 0.12656998661217586 0.19862422491544535 0.22655809611048477
0 0.4719472237880496 0.16212038472378804 0.17983723224351744 0.20613726042841032
0 0.5145108159526494 0.22252413331454338 0.20189191093573844 0.19593785231116118
0 0.059989782976324686 0.5200465050732807 0.11997956595264937 0.2813556933483652
0 0.37157817784667413 0.361869803410372 0.18589698421645995 0.18779506059751971
0 0.3116104143179256 0.3991553339909808 0.19515395997745208 0.21675944193912056
0 0.8976337901634723 0.08240778255355129 0.20473241967305522 0.16481556510710257
0 0.7971942819898534 0.10248071096392335 0.23121741121758743 0.20380760287485908
0 0.7302155263528749 0.19658742601465615 0.2095150436865839 0.1839020222660654
0 0.9065010217023675 0.3439063380777903 0.1779523675310034 0.18726659385569333
0 0.9335166819334837 0.6407218855693348 0.13296663613303272 0.1674799182638106
0 0.9623995913190528 0.7692560069052987 0.07520081736189399 0.2073130989289741
0 0.8976051648816235 0.967028079199549 0.2047896702367531 0.06594384160090194
0 0.8109476289458849 0.8169369186865839 0.20805295236753096 0.19971198562570458
0 0.3488386943348365 0.598429132609921 0.14968380073280718 0.2053313486471251
0 0.23083427282976324 0.6539225443912063 0.23819757609921083 0.19632099069898534
0 0.42354407412626827 0.6901313239853438 0.18291114712514095 0.19542259723788047
0 0.03723268390642615 0.8678282659244645 0.0744653678128523 0.1728394518038332
0 0.08370252607102592 0.8607468115839909 0.16740505214205184 0.2119547984780158
0 0.24597924887260425 0.770975725760992 0.19880038049605409 0.1796698844419391
0 0.29196246124577224 0.8564706348647125 0.20438891629086808 0.19536094278466742
0 0.5946968362457723 0.8091001972942502 0.22594595546786922 0.17620842728297637
0 0.5203041326099211 0.9049068136978579 0.205648428692221 0.17086210541149938
0 0.3294835999154453 0.9806294919673054 0.2083083779594137 0.038741016065388933
