0 0.1053730309218203 0.12517548497666275 0.2107460618436406 0.2005679331971995
0 0.16239425320886813 0.052875674591598594 0.22710035005834306 0.10575134918319719
0 0.29811023191365227 0.16415821907817968 0.1831151546091015 0.17607752333722282
0 0.5234648483080513 0.07330941875729288 0.240984174445741 0.14661883751458576
0 0.37461028661026835 0.039242543028004666 0.17385775233372225 0.07505743144690781
0 0.6833407781505251 0.10978978267211202 0.19072254229871644 0.21682650233372228
0 0.692903569865811 0.27988486362310383 0.19375820449241543 0.2032936478996499
0 0.7610259261960326 0.35877789527421233 0.21297950700116686 0.17236726954492415
0 0.8757725897024502 0.08116294121936989 0.21405976516919478 0.16232588243873977
0 0.9129640096266044 0.1720983445157526 0.16743545799299886 0.207072272462077
0 0.06527585326721119 0.2963098016336056 0.13055170653442238 0.18300576137689617
0 0.17877816875729285 0.3348595208576429 0.21131581826137688 0.21810731476079348
0 0.05233554550758459 0.49061497228704776 0.10467109101516918 0.21319829346557756
0 0.020597834014002333 0.7678675612602099 0.041195668028004666 0.19956060385064178
0 0.06918210326721119 0.9377666460035006 0.13836420653442238 0.12446670799299886
0 0.4048597943407234 0.7775602574387398 0.2082938302217036 0.22506290110851812
0 0.5206001130396732 0.8689856512543757 0.22963918465577593 0.18664764439906645
0 0.6064920325262543 0.8206862602100349 0.19960162631271872 0.1471977100350058
0 0.7765871134772462 0.7091712551050174 0.25921637981330214 0.14259863623103852
0 0.8052139549299883 0.7825148592473745 0.17746772899649943 0.18426834159859973
0 0.9001991868436405 0.5351653661026837 0.19755050320886813 0.2616047987164527
0 0.5763815453617269 0.9586858226371062 0.22465267648774795 0.08262835472578767
0 0.8255998395565927 0.9673096557759626 0.16399868728121347 0.06538068844807465
1 0.4750492269544923 0.4969483846266044 0.3923388273045506 0.4164007803383896
1 0.16258569136522755 0.6796487565635939 0.26959962077012833 0.3151573439323221
0 0.9639079234780157 0.9676578354002254 0.07218415304396841 0.06401493799323565
