1 0.4488818524520857 0.631462707863585 0.4074963007328072 0.4380328706313416
0 0.033586263387824125 0.060564490558060874 0.06717252677564825 0.12112898111612175
0 0.23540551014656141 0.1403189296786922 0.22111048478015782 0.21498467446448702
0 0.13249101606538896 0.348937781848929 0.23318594983089064 0.24304185456595265
0 0.38616385992108226 0.2956551226042841 0.22380566516347233 0.22087267474633598
0 0.6308924041713642 0.17152709272829764 0.22585787767756482 0.21742883314543404
0 0.8381240311443066 0.11782826592446448 0.24085312147688842 0.23565653184892896
0 0.9461756623449831 0.26992319616685456 0.10764867531003386 0.21722625422773392
0 0.9625162943912062 0.43753743306087933 0.07496741121758743 0.19235749013528752
0 0.9727575394588499 0.6418470793404735 0.05448492108229985 0.2040189895715896
0 0.8559223506200676 0.7817542453494926 0.26794144588500557 0.2458119010710259
0 0.8885595758173619 0.9590658469560315 0.20733511837655016 0.08186830608793683
0 0.6715050732807215 0.9679705115558059 0.2061020293122886 0.0640589768883878
0 0.09757697998872604 0.8662208462514092 0.19515395997745208 0.21770627818489285
0 0.70197338289177 0.39082757891770015 0.2090658469560316 0.2089645574971815
