1 0.5456991614994363 0.5726311478297632 0.3830150789177001 0.4089583920518602
0 0.2362620666572717 0.0957251444475761 0.2253250070462232 0.1914502888951522
0 0.10965684892897407 0.3006249119222097 0.21931369785794813 0.2521182708568207
0 0.2531994257328072 0.48283143672491546 0.2099818559751973 0.23171064684329196
0 0.47998652409808346 0.08735335047914318 0.2291035442502819 0.17470670095828636
0 0.7315807321025929 0.09414635005636979 0.23731239430665163 0.18829270011273957
0 0.947479213641488 0.07083215896279593 0.10504157271702363 0.14166431792559186
0 0.7245917594419391 0.33943859216459976 0.19409262260428406 0.21713817643742953
0 0.9015642615558059 0.252963817643743 0.18974598365276207 0.22521490980834274
0 0.2694894130496054 0.9048209378523111 0.1937226958850056 0.19035812429537768
0 0.8655008103156708 0.6663547244926719 0.1834219983089065 0.20139427142051858
0 0.835446466319053 0.8944057391488163 0.24210382609921077 0.21118852170236757
