1 0.542127607102593 0.4918241791149943 0.37757187147688837 0.41766928551296506
0 0.07263334977452085 0.0373097519729425 0.1452666995490417 0.074619503945885
0 0.384234956313416 0.0438341142897407 0.1857912908680947 0.0876682285794814
0 0.8629157271702367 0.09746468080608793 0.23202332299887263 0.19492936161217586
0 0.06612440107102592 0.28148340614430667 0.13224880214205184 0.21047949549041714
0 0.2334479812570462 0.20095828635851185 0.2091451169673055 0.18237387260428412
0 0.609046910231116 0.019647953072153324 0.17631852452085683 0.03929590614430665
0 0.5699866121758738 0.13290938556933482 0.19045941375422776 0.1803568912063134
0 0.651484991544532 0.16298795095828636 0.1814226324689966 0.2077578917700113
0 0.9725549605411499 0.16650445673618938 0.05489007891770015 0.17345599633596392
0 0.86949073421646 0.500310474210823 0.2464768883878241 0.2304951733370913
0 0.9514162908680948 0.773448509723788 0.09716741826381059 0.2684655087373168
0 0.18018513951521983 0.32921496265501693 0.2158170095828636 0.21864871054114993
0 0.06892087091319053 0.5199936583990981 0.13784174182638106 0.23233159526493802
0 0.23375184963359638 0.6023177670518601 0.23346339487034945 0.2166229213641488
0 0.04206154875986471 0.7304269130496053 0.08412309751972942 0.1946298971251409
0 0.14721101677001125 0.849671029453213 0.19885763105975196 0.20039899239007886
0 0.2482692714205186 0.8924856433201803 0.20562640924464487 0.17014427142051858
0 0.0654990487598647 0.978927388669673 0.1309980975197294 0.0421452226606539
0 0.48657254086809465 0.8425147089909808 0.2296716459977452 0.1790048971251409
0 0.44119486330326946 0.9634917559188274 0.26022583145434053 0.060368517474633565
0 0.6987431299323562 0.9057325429819616 0.22683554114994364 0.1885349140360767
0 0.911268232102593 0.9496547350620068 0.177463535794814 0.10069052987598648
