1 0.4930484604002255 0.48580186020293126 0.23313750704622327 0.22989184047350625
0 0.2613422174464487 0.04733520645434047 0.21791766488162345 0.09467041290868095
0 0.9092776740417137 0.05754782624013528 0.18144465191657277 0.11509565248027057
0 0.9385239043122886 0.15106221815107101 0.12295219137542279 0.1814402480270575
0 0.7480380672209695 0.11630452015219842 0.19841724210822997 0.22316710118376548
0 0.5491033680947012 0.09729072717023675 0.19409702649379929 0.1945814543404735
0 0.44963271561443063 0.15593512189966177 0.20845370631341598 0.23314631482525366
0 0.32706146068207437 0.21275410442502818 0.21819070603156707 0.23566533962795944
0 0.10451750986471252 0.26209748449830894 0.19208885287485908 0.1734251691093574
0 0.10526176719278467 0.38456084413754227 0.20339804114994361 0.25817361894024804
0 0.3552507574689966 0.3288824689966178 0.23089152339346108 0.1838095405862458
0 0.6696378241262684 0.32644711809470117 0.18808131341600898 0.18215367812852307
0 0.8849660019729424 0.35917021913754227 0.19377994644870344 0.23061848224351747
0 0.2661336492390079 0.5231710646843292 0.19754527198421648 0.21081859498308902
0 0.20153299394024798 0.7488351712232243 0.22589751268320177 0.21604160794813976
0 0.08669937288613302 0.9077649379932355 0.17339874577226605 0.17752078635851187
0 0.7297641276775648 0.5774732243517474 0.2134212936865839 0.20782835400225474
0 0.9291238021420518 0.5990654946448702 0.14175239571589626 0.23102804396843285
0 0.6795663930383313 0.8001184646279594 0.23106767897406988 0.20009952790304397
0 0.8094701240135287 0.79552080397407 0.18000458004509579 0.2051199619503946
0 0.4932928762683202 0.9178872780439684 0.20342446448703494 0.16422544391206317
0 0.7056748520293122 0.9624304185456596 0.19119926719278468 0.07513916290868095
0 0.8451174076944756 0.9528937958004509 0.1711923971251409 0.09421240839909806
