1 0.5877541044250282 0.5199209942220969 0.2461025577790304 0.2460497111048478
0 0.12311513528748591 0.04541290868094701 0.23529100901916572 0.09082581736189402
0 0.31535592235062004 0.10478174323562571 0.22398622463359638 0.2069651916572717
0 0.6223928974069898 0.039674640642615555 0.2124260146561443 0.07934928128523111
0 0.9027841389515219 0.042294954904171365 0.18995737034949267 0.08458990980834273
0 0.20462232243517472 0.19111339134723787 0.2404611753100338 0.20768302564825256
0 0.48636115417136416 0.207572928410372 0.1838271561443066 0.1959202367531003
0 0.6697192960822997 0.24666845758173617 0.17540251550169106 0.20821149239007888
0 0.7516382468996617 0.2145530932919955 0.22798936020293126 0.22690600338218717
0 0.9675059012119502 0.2067890360766629 0.0649881975760992 0.169972519729425
0 0.9722268707722661 0.32962452437993234 0.0555462584554679 0.1711219348928974
0 0.2082070885005637 0.3112052564825254 0.22894060033821872 0.22326839064261556
0 0.06369345405862457 0.4140492883314544 0.12738690811724915 0.22425486189402483
0 0.3848735202931229 0.4777405404453213 0.1527268883878241 0.26634283399098085
0 0.7981389162908681 0.42387216389515214 0.21598435738444188 0.17302441516347233
0 0.8317185738444193 0.5382015395997745 0.219049464487035 0.20405422068771134
0 0.8111017650789176 0.655589416572717 0.2174332370349492 0.19924957722660652
0 0.9705886238726043 0.5952891593855693 0.05150348788049608 0.18480922350620066
0 0.9607943735907553 0.6999960364994363 0.07841125281848926 0.17699672350620066
0 0.08097431651634723 0.6369213289177 0.16194863303269447 0.24902233652762118
0 0.2655171047068771 0.5700570744081173 0.19798566093573844 0.2359251691093574
0 0.278365452367531 0.666907412626832 0.21863549887260428 0.1782694475760992
0 0.45761696730552426 0.7044858018602029 0.21351817925591887 0.1873414599774521
0 0.04588412485907553 0.8698958920518601 0.09176824971815106 0.21471603720405863
0 0.19638925098647125 0.8541145539740698 0.19681422632468995 0.19535213500563697
0 0.3674253100338219 0.883834202367531 0.22807743799323565 0.17902691657271708
0 0.5340200465050733 0.8453926507891769 0.23527339346110487 0.21654805524239007
0 0.6752263599210823 0.8348189120631342 0.20220899098083422 0.22851782694475764
0 0.9448544954904171 0.8901647935456595 0.11029100901916578 0.15759318630214203
0 0.8858754051578355 0.9139259794250282 0.19493816939120634 0.17214804114994364
0 0.41414837584554676 0.9497560245208567 0.1940133525930101 0.08791925028184888
0 0.22610669743517475 0.9758248485062007 0.1717208638669673 0.041057461950394614
0 0.7660125422773393 0.9767628769729425 0.15002290022547915 0.0444572646561443
