1 0.4942595300169109 0.7957476042841036 0.3739034315107103 0.31334554678692217
0 0.49732683906426156 0.025188046082299888 0.17744151634723787 0.050376092164599776
0 0.19937949196730553 0.02203045729988726 0.17237263951521986 0.04406091459977452
0 0.4077671399379932 0.07482648675310033 0.24331049182638104 0.14965297350620066
0 0.7994975162063134 0.054522354143179255 0.2065556299323562 0.10904470828635851
0 0.9576367848083427 0.06870728227170236 0.08472643038331451 0.13741456454340473
0 0.9211725796223224 0.16163595687711385 0.1519385921645997 0.20463993799323563
0 0.6534006834836528 0.15517545095828636 0.2128664036076663 0.2156584695603157
0 0.1421399379932356 0.15940979072717026 0.20953706313416007 0.22783522406989856
0 0.27938275084554676 0.24004941164036075 0.24064613866967305 0.22173143320180386
0 0.5477359604002254 0.3319079410935738 0.22302617671927844 0.182532412626832
0 0.7995988056651635 0.3307122850901916 0.2043008385005637 0.17939243940248026
0 0.7779074478579481 0.43973497392897404 0.2081190107102593 0.1848180312852311
0 0.11551182003945884 0.40724087514092444 0.23102364007891768 0.21180947012401358
0 0.17423988866967305 0.5321990381905298 0.18086774239007894 0.17304203072153324
0 0.35522213218714765 0.4422495948421646 0.19785794813979707 0.19218133455467867
0 0.48909376761555806 0.49603429749154454 0.1803524873167982 0.14904083286358516
0 0.8914925662344984 0.6403189296786922 0.2170148675310034 0.19544902057497182
0 0.7896195920236753 0.7052410689120631 0.21800574267192785 0.17515589768883877
0 0.9370904382750845 0.842818577367531 0.12581912344983093 0.17791273252536643
0 0.2216125281848929 0.7126021702367531 0.14666713641488163 0.18178375140924463
0 0.0739743341319053 0.7412318559751973 0.1479486682638106 0.2181863021420518
0 0.20531373308906425 0.9102443277903044 0.1994873872604284 0.17914141770011272
0 0.0347797174464487 0.9319665128241261 0.0695594348928974 0.12952279453213078
