1 0.5052015399768718 0.5277620535504182 0.3660755255956863 0.37372330421014416
0 0.12903640930911145 0.059410351278859866 0.2104212749435241 0.11738264704325113
0 0.08535582760730422 0.15182801737432433 0.17071165521460843 0.2191943038966693
0 0.03106734100184219 0.35733053236943313 0.06213468200368438 0.18674958798643232
0 0.11779819298118815 0.27292949525501564 0.19357562434447612 0.23047917640147647
0 0.32865369997008126 0.186891998973853 0.20931943804795075 0.22569351064974186
0 0.3318379544965577 0.08838600381926703 0.19294998772993763 0.1657999140465321
0 0.4814831837114081 0.042214523289166715 0.22119728915662645 0.08442904657833343
0 0.729088210402996 0.050501949815865026 0.226034299026463 0.10100389963173005
0 0.607393721089716 0.13879456905818027 0.19633497018206758 0.18321050752255674
0 0.5422522434884628 0.23108149149331703 0.19795980798192775 0.1766085600073284
0 0.9380594276520143 0.04261139625115977 0.12388114469597133 0.08395282003432256
0 0.8805170108447182 0.24204192432397004 0.15853960624865537 0.21013650549463483
0 0.8007841389273612 0.2117879870836583 0.16435254830706758 0.1995799184461059
0 0.7968886567475258 0.4089880596955344 0.12584283142615105 0.16833517104130813
0 0.8796462356120913 0.4413697313318564 0.16998333036386615 0.18287897684487947
0 0.16432686311652864 0.5191968303949616 0.19913638930722893 0.2485901509217674
0 0.024943996829953744 0.7434196406510529 0.04988799365990749 0.16333470040877796
0 0.09354289017117577 0.8937418768615197 0.18708578034235154 0.18129164257476338
0 0.1770007712910795 0.9166759156113853 0.20262405999556263 0.15712497730878872
0 0.31230292262801207 0.8651560981999986 0.22024478354265276 0.2193296764065189
0 0.4869552848671471 0.8707378735435605 0.20664875601737304 0.18428908855287218
0 0.9649857276483165 0.20183737881212352 0.0623728871961059 0.1495612139545907
0 0.6143551956150495 0.8890846107995038 0.20383336498897375 0.20279219556798622
0 0.7216295252158187 0.8391849038522954 0.20926801514092086 0.23124960080276458
0 0.7697338951229024 0.6992581575955048 0.19063884584095314 0.21511830315122094
0 0.8719611110457455 0.6442366188036184 0.1572929553033563 0.19358029915420605
0 0.9238497656922333 0.631840467863362 0.15223649200597034 0.1969046141317502
0 0.9387317598379008 0.8451238556696092 0.1225364803241985 0.1910310045987521
0 0.8446825982781573 0.9753902192370206 0.19379975258175564 0.049219561525958744
0 0.2664624212530927 0.7382047656481114 0.18652438296713642 0.20618577914475988
