1 0.4774719031848929 0.4940327297068771 0.3343124647688839 0.3365540445321308
0 0.06158399098083427 0.13542400648252537 0.12316798196166855 0.2234357384441939
0 0.10689561020293123 0.09061443066516346 0.21379122040586246 0.18122886133032692
0 0.19295201521984218 0.06888123590755355 0.19355094419391206 0.1377624718151071
0 0.5029682215332582 0.03870578494926719 0.17674570180383314 0.07741156989853439
0 0.37501761555806085 0.03206471956031567 0.14114465896279593 0.06412943912063133
0 0.7229535125422774 0.09059461316234498 0.23224792136414885 0.18118922632468995
0 0.9335563169391206 0.0451883103156708 0.13288736612175878 0.0903766206313416
0 0.10686698492108229 0.3210963923337091 0.21373396984216458 0.21508596392333712
0 0.39328715121195035 0.2571078776775648 0.2239598012965051 0.194792841037204
0 0.6060588711950394 0.21066886273957158 0.19917911499436303 0.19589381341600898
0 0.657824390501691 0.28532359780157834 0.1868173971251409 0.18572082863585115
0 0.9124044355975197 0.19466292629650506 0.16883191234498307 0.18789194616685456
0 0.8905281144306652 0.2825865804678692 0.20523005918827508 0.19495578494926716
0 0.8942824302423901 0.4505707440811725 0.21143513951521986 0.20766100620067646
0 0.05969912626832018 0.5517963465332582 0.11939825253664035 0.20155281144306647
0 0.03724809751972942 0.787182039177001 0.07449619503945884 0.25775084554678684
0 0.1409332722660654 0.838392668404735 0.21226747463359638 0.21042224492671924
0 0.22011520574971816 0.633884847096956 0.21082299887260428 0.2137075465050733
0 0.25968855693348364 0.8275282729706877 0.20773146843291998 0.16820656003382184
0 0.10674147406989853 0.9717028079199549 0.20394412344983087 0.056594384160090216
0 0.32907624013528747 0.9191974351747463 0.21718221533258172 0.16160512965050733
0 0.8519874753382186 0.8969732067361894 0.23134072012401352 0.16283381482525372
0 0.9287692890360766 0.7093785231116121 0.14246142192784672 0.2372815670800451
0 0.5089024626550169 0.7670804854847801 0.21648199689966174 0.20002906567080048
0 0.5416762084272829 0.8229526317643743 0.211479178410372 0.21749489148816237
0 0.7342098541431792 0.7259217340755355 0.2117434117812852 0.2068727099774521
0 0.7618398569616684 0.6247687958004509 0.21397177987598648 0.19642668404735064
