1 0.503065107102593 0.5365368693630215 0.2523692925591883 0.30840878664036075
0 0.06998881412063133 0.04608009794250282 0.13997762824126267 0.09216019588500564
0 0.12855834272829764 0.06121846815107102 0.15222484498308905 0.12243693630214204
0 0.44830714487034945 0.15844313697857945 0.2311161217587373 0.23098400507328068
0 0.6550147089909808 0.11257882962232242 0.1895654241826381 0.2060800098647125
0 0.47767228015783536 0.022680031003382187 0.16710999154453215 0.041616755918827505
0 0.8990826698139798 0.04527418616121758 0.19625052846674185 0.09054837232243516
0 0.8826297385851183 0.13652718080608792 0.2132143108793686 0.17668845124013527
0 0.8175248379368658 0.1963121829199549 0.2313803551296505 0.16584167136414882
0 0.027156584695603156 0.16980076803833144 0.05431316939120631 0.14713394870349494
0 0.02366650225479143 0.3459035019729425 0.04733300450958286 0.17074760428410368
0 0.1541207194193912 0.2632380918827508 0.2121838007328072 0.22072294250281851
0 0.3063345546786922 0.386278361048478 0.21047068771138666 0.2172614853438557
0 0.47613972660653886 0.25432021561443063 0.20519482807215328 0.20829516629086806
0 0.7998674429255919 0.3628738902198421 0.22471727029312294 0.21280034526493796
0 0.9608516241544531 0.4112638282130778 0.07829675169109362 0.24893866262683206
0 0.11636177071589626 0.4945259653325817 0.2055251197857948 0.2387172350620067
0 0.2562469172773393 0.5907993940248026 0.23363955045095824 0.1892791713641488
0 0.056755126127395715 0.7576187288613303 0.11351025225479143 0.21379122040586251
0 0.2528272970687711 0.7380456419109358 0.22917841037204054 0.18744274943630213
0 0.12869266135851185 0.8872802459131905 0.20371952508455468 0.18957423196166856
0 0.049589997886133025 0.9749506764374294 0.09668739430665163 0.050098647125140894
0 0.6162296540304397 0.6736629791431792 0.24228878945885002 0.23130108511837655
0 0.8249365839909808 0.6327772688838782 0.1951715755355129 0.2140730693348365
0 0.9146217939684329 0.6803216600901916 0.1666519870349492 0.23758103156708
0 0.8679779981679818 0.8454146702367531 0.22329921786922202 0.19082053269447574
0 0.9414987316798196 0.9043144905580608 0.11700253664036075 0.1854345758173619
0 0.560066851042841 0.8435826521984217 0.2150727522547914 0.20413789458850062
0 0.638762154735062 0.8928643778184893 0.19955784949267197 0.20241597378804954
0 0.34418598506200676 0.9168259406708005 0.224519095264938 0.15894077649379934
