1 0.5587434822435174 0.7401903361048479 0.3763035512965051 0.39231168968432917
0 0.027753311724915443 0.07995701803833145 0.055506623449830886 0.1599140360766629
0 0.18465508737316796 0.10674807990417137 0.2143108793686584 0.1988223999436302
0 0.10766629086809469 0.21939076592446446 0.20480728579481397 0.21775031708004505
0 0.432362862880496 0.03766646702367531 0.2333400859639233 0.07533293404735061
0 0.8945554713923337 0.053346515642615555 0.2023895504509583 0.10669303128523111
0 0.6862669109357384 0.11580688063697857 0.2386291572717023 0.1920316023111612
0 0.4590152022266065 0.1765629403889515 0.2823641840473506 0.1893099985907553
0 0.2951046364148816 0.2978350479143179 0.21782518320180386 0.20789881623449832
0 0.07584158328635851 0.4228284420800451 0.15168316657271702 0.18037010287485905
0 0.08221621335963923 0.5260446025930101 0.16443242671927846 0.23027057497181513
0 0.3358626338782412 0.41301217235062004 0.2236471251409244 0.17940124718151074
0 0.5334519447576098 0.33373555524239007 0.18492812852311158 0.2027726888387824
0 0.7872767228015783 0.26206885921645995 0.22422403466741825 0.2089865769447576
0 0.9560557884723787 0.3057928762683202 0.08788842305524236 0.2152533117249154
0 0.9577600937147689 0.5359423442784667 0.08447981257046222 0.2244178058060879
0 0.6681911464205186 0.4715376620631342 0.23604407412626838 0.20731750281848932
0 0.7854535125422774 0.5320096709413754 0.22224228438556937 0.27593450535512964
0 0.3069290797632469 0.5732366826381059 0.2765906848928974 0.2077050450958286
0 0.36623185597519725 0.6362805629932357 0.2265360766629087 0.19185544673055244
0 0.07465253311724915 0.7797614853438556 0.1493050662344983 0.2259988021420518
0 0.1700539916854566 0.7925283610484779 0.18101307074408116 0.2266329622322435
0 0.46383746124577224 0.9665238338500564 0.22893619644870344 0.06695233229988728
0 0.9136375246617813 0.9662155615839909 0.17272495067643745 0.06756887683201807
0 0.7134631306369785 0.9338557814261556 0.23470529171364152 0.1322884371476889
0 0.810066851042841 0.8504659315107101 0.22344895011273957 0.21320109921082298
