1 0.4769456383878241 0.6729715684892896 0.3671434611048478 0.3906954622322435
0 0.04326381059751973 0.2615668158117249 0.08652762119503946 0.2020372392897407
0 0.12453538965614429 0.16613453001691092 0.2013766558624577 0.21357542981961664
0 0.3494574408117249 0.05639841107666291 0.22711739007891768 0.11279682215332582
0 0.5692203354002254 0.11959642756482525 0.22720546786922208 0.22169179819616686
0 0.7030743552705749 0.3085893461104848 0.18719613162344984 0.21469842164599773
0 0.3752223964205186 0.28041766488162345 0.21866632609921077 0.20120490417136416
0 0.22449267192784667 0.3964315283258173 0.2250387542277339 0.2339125916009019
0 0.14338844067080045 0.49543316657271697 0.19505267051860203 0.2770486894024802
0 0.04410275155016911 0.7700332934047351 0.08820550310033821 0.22901987034949267
0 0.19790198703494927 0.8723400507328072 0.2097308342728298 0.19526846110484775
0 0.9598607490135287 0.40301754509582866 0.0802785019729425 0.2048249013528749
0 0.9514295025366403 0.5584462197012401 0.09714099492671924 0.1943128170800451
0 0.933074091037204 0.7724686443066515 0.13385181792559186 0.19447576099210817
0 0.9536116297914318 0.9417519553269447 0.09277674041713646 0.11649608934611044
0 0.7205864219278466 0.8879518390642616 0.21682990417136416 0.14432426719278468
