1 0.35225611259864703 0.37414124154453215 0.5997877325253663 0.4115082440811725
0 0.11610634512401352 0.24701856679819617 0.23221269024802704 0.19245877959413757
0 0.025795782835400224 0.4123581947576099 0.04997974210822999 0.19131376832018032
0 0.8970987175873731 0.04441762965050733 0.20580256482525372 0.08883525930101466
0 0.6693515713077789 0.031342481679819616 0.23233159526493796 0.06268496335963923
0 0.5545157483089064 0.10137093080608793 0.23943947294250284 0.19896332440811723
0 0.7182831877113867 0.2650282729706877 0.21262859357384445 0.24547720546786922
0 0.8842922068771137 0.2739505531285231 0.21343890924464481 0.23565653184892899
0 0.9646499788613303 0.4029008420236753 0.07070004227733939 0.16840913895152199
0 0.8778933554114994 0.5217353967023676 0.24112175873731678 0.22824038190529877
0 0.16025753945885005 0.6595595229706877 0.2155175450958286 0.18408698562570458
0 0.425651335259301 0.6983005390360766 0.22528977593010152 0.21616491685456596
0 0.5604367777621194 0.7301560738444193 0.19062235766629082 0.22894060033821872
0 0.7876114184047351 0.7036248414599775 0.21935333286358516 0.20330555947012396
0 0.1570228826099211 0.9688512894588499 0.22800257187147688 0.06229742108229985
0 0.1533434329199549 0.8660843256764374 0.2625422773393461 0.18326786217587376
0 0.3120419954904171 0.8208475725760992 0.21035618658399094 0.20603597096956028
0 0.524848946589628 0.9241033680947013 0.19519359498308908 0.15179326381059755
0 0.7719798125704622 0.9335651247181511 0.25598048196166856 0.13286975056369787
0 0.7557338641488162 0.850021138669673 0.24655615839909806 0.17335470687711385
