1 0.7720326592446449 0.59099536710823 0.3786464205186021 0.35537186443066515
0 0.07365064825253664 0.10747251972942502 0.1473012965050733 0.21494503945885005
0 0.4154012824126268 0.03042647266065389 0.19567361894024804 0.06085294532130778
0 0.555958022125141 0.06178216600901916 0.24560932215332587 0.12356433201803832
0 0.9165330820180382 0.022048072857948138 0.1669338359639233 0.044096145715896276
0 0.8255333110202931 0.11404092094137541 0.22268267333709135 0.19096586104847801
0 0.9768597625422772 0.1817529241826381 0.04628047491544529 0.23804784385569333
0 0.20101994081172492 0.2313187006764374 0.20643672491544532 0.20985414317925588
0 0.3767065071871477 0.18755284667418265 0.2494495138105975 0.22709096674182638
0 0.6187354671645997 0.2110431933483653 0.1914414811161217 0.1695849774520857
0 0.051701662908680945 0.42706938768320174 0.10340332581736189 0.22919162204058618
0 0.2114725725760992 0.4543889162908681 0.18768936724915442 0.19614043122886132
0 0.3315358124295377 0.5204670765219841 0.19781831313416007 0.21366350760992103
0 0.4495072047632469 0.3139664952085682 0.19348488585118379 0.1552106820744081
0 0.7626787979143179 0.2658275789177001 0.19720617249154448 0.1367055383314543
0 0.49641963782412624 0.49300882539458846 0.1502430947012401 0.18006183060879372
0 0.9758490698985343 0.4769214169954904 0.044981327508455515 0.13449918968432922
0 0.045864307356257045 0.640805559470124 0.09172861471251409 0.17328424464487036
0 0.23461501197857948 0.718562834695603 0.21165533399098083 0.17373784526493796
0 0.14917955538331454 0.7999929537767756 0.22074496195039456 0.19162204058624577
0 0.4864734533540022 0.7451447118094701 0.22959677987598648 0.2938759512401353
0 0.37801446237316794 0.9242266770011274 0.22356345124013527 0.15154664599774526
