1 0.3960080586347724 0.45789500072928824 0.29068516627771296 0.3492606840723454
0 0.4097779317386231 0.09968230382147024 0.24494056301050177 0.19936460764294048
0 0.6225728376604434 0.2684555498833139 0.20053146878646444 0.2150306301050175
0 0.9338626750291714 0.12102993728121351 0.13227464994165694 0.23955294632438737
0 0.8393286901983663 0.25057887252042005 0.23447527712952154 0.25608955659276544
0 0.8751002771295215 0.479178821470245 0.2224784859976663 0.17820157526254377
0 0.6350391080805133 0.5166779098599765 0.21208157088681445 0.2631180717619602
0 0.8598422002625437 0.6682285589264878 0.2623568771878646 0.21436515460910155
0 0.4652608116977829 0.8173224183197199 0.21307522607934648 0.3005761376896149
0 0.6564254849766628 0.852642758168028 0.1884252844224037 0.29136887397899647
0 0.8564874744749125 0.8741590395274212 0.2245341671528588 0.24098873249708286
0 0.3214451757584597 0.9659809838098015 0.207405010210035 0.06803803238039674
0 0.5450381053092181 0.021744183926487744 0.17615956826137685 0.04348836785297549
