1 0.5267756482525366 0.40724087514092444 0.3982701521984216 0.38306792559188274
0 0.0970815424182638 0.04572778678128523 0.1941630848365276 0.09145557356257046
0 0.7159865593291995 0.05216627325253664 0.24188363162344984 0.10433254650507327
0 0.39574672350620066 0.12008966319052988 0.16937359075535513 0.20861224633596392
0 0.314543404735062 0.13864545166290868 0.22426366967305522 0.2130733864148816
0 0.21595132821307778 0.1806871829199549 0.18642104706877116 0.18557990417136416
0 0.08423980059188274 0.32256949337655016 0.16847960118376548 0.18754844278466742
0 0.03534781919391206 0.47161913401916566 0.07069563838782413 0.1517800521420518
0 0.17279981679819617 0.5281122287204059 0.22628065107102593 0.19728984639233366
0 0.9570026247181511 0.04412697294250282 0.08599475056369787 0.08825394588500564
0 0.7626876056933483 0.22656249999999997 0.19909984498308908 0.22992707158962794
0 0.8275613021420518 0.3594212408399098 0.18401211950394591 0.19647953072153324
0 0.9628796152762118 0.3562548442784667 0.06938768320180377 0.20192273816234496
0 0.9275119785794813 0.551080714487035 0.14497604284103716 0.20627818489289745
0 0.9534949267192784 0.7481701839064261 0.09301014656144302 0.20893373027057494
0 0.7849536710822999 0.674098964205186 0.1581084413754228 0.16010780721533258
0 0.7284847977733935 0.7137978262401352 0.17959501832018043 0.14671557919954903
0 0.8679229495490417 0.8441353403325818 0.22881729143179252 0.21733635146561447
0 0.804760164177001 0.9512423372322435 0.2381579410935738 0.09751532553551301
0 0.5160147442220969 0.7594485449549041 0.22046311302142052 0.18959184751972935
0 0.11044734709695603 0.7540890114148816 0.22089469419391206 0.2148613655580609
0 0.27058818348365277 0.7430418545659527 0.20966037204058624 0.17092375986471253
0 0.15722105763810598 0.8910345617249154 0.23567414740698986 0.19850972378804954
0 0.3660579023393461 0.9654823139797069 0.15599897829763248 0.0690353720405863
0 0.46923002395715896 0.9357450500281849 0.21423160935738444 0.12850989994363027
