1 0.5670734392615557 0.21183148957158962 0.37387700817361885 0.4057479565952649
0 0.08225144447576099 0.22482076169673054 0.16450288895152199 0.2135137753664036
0 0.2162221674182638 0.1466627325253664 0.19138423055242387 0.22126021702367532
0 0.22563988514656141 0.01588262753664036 0.1951847872040586 0.03176525507328072
0 0.3156091459977452 0.22950209625140922 0.1696378241262683 0.2651537838218715
0 0.9580881834836528 0.05404012824126268 0.08364747745208567 0.10808025648252537
0 0.8557726183765502 0.13233687993235624 0.21474246054114998 0.2211281003382187
0 0.8716332264656144 0.3493407377395716 0.18115399520856823 0.2001259512401353
0 0.900650454481398 0.41297473928974066 0.17892562711386695 0.18371265501691092
0 0.5925455362175873 0.47767007821307783 0.23584149520856823 0.19603033399098085
0 0.18292656073844415 0.4692344278466742 0.18024679396843288 0.22191199267192785
0 0.27837646209131905 0.44403537204058624 0.17827385146561442 0.19210646843292
0 0.05405774379932356 0.5177564825253664 0.10811548759864711 0.2188204622322435
0 0.09163613303269447 0.8886256341600902 0.18327226606538893 0.22157729706877116
0 0.1412943912063134 0.7673447188556933 0.21131623449830889 0.20184346815107101
0 0.33215455890642615 0.6415344031848929 0.2562359075535513 0.20942696589627952
0 0.49284367953776775 0.7237109815388951 0.2341988444193912 0.18733705608793683
0 0.3352791185174746 0.8500585717305523 0.18263370208568205 0.1893364219278466
0 0.4502316445885005 0.8650384019165727 0.18934082581736184 0.19223858511837655
0 0.5818044496899661 0.9108542664881623 0.20075130355129644 0.1742927353438557
0 0.778568031285231 0.5610048795095828 0.21341248590755357 0.20451222519729428
0 0.9256821624859075 0.6068229460259301 0.14064701944757607 0.1897415797632469
0 0.8078406848928974 0.6774239007891769 0.21087584554678696 0.23662979143179252
0 0.9420404100901916 0.8028664916854567 0.11591917981961664 0.19848770434047347
0 0.8011379650507326 0.8938134160090192 0.2089733652762119 0.1591213359639233
0 0.9444273182074407 0.9541004615276212 0.1080097942502819 0.08694599069898534
0 0.7442419144588501 0.9742812852311161 0.1604380989289741 0.047791009019165775
