1 0.43842922068771134 0.5423896385287486 0.4180524239007891 0.35961721392333706
0 0.2726888387824126 0.19656320462232243 0.24937464768883877 0.25108335682074406
0 0.6105288190529875 0.12191067150507327 0.2593979002254791 0.19414546927846674
0 0.7769275824408117 0.08631843644306651 0.21276511414881627 0.17263687288613302
0 0.8908738197576098 0.02892474633596392 0.19444493376550165 0.05784949267192784
0 0.9383367390078918 0.17806026282412624 0.12332652198421645 0.19246318348365274
0 0.6153026352874859 0.28850320603156704 0.25568982525366407 0.20478086245772262
0 0.04590834625140924 0.4464420976606539 0.09181669250281849 0.2284958074971815
0 0.19998722872040584 0.37629254157271697 0.22004914740698983 0.1818850408680947
0 0.702385146561443 0.43571202085682076 0.2252853720405863 0.19850972378804965
0 0.9472832405580608 0.4898930735625704 0.1054335188838782 0.24756905298759863
0 0.8280501338782413 0.6101610942784667 0.23385534103720407 0.22802018742953772
0 0.9794426437429538 0.691276335259301 0.04111471251409249 0.14136925732807215
0 0.9393870666572717 0.8844309293968432 0.12122586668545665 0.21218380073280718
0 0.7529814332018038 0.7927639691375423 0.18534209413754232 0.2054898886696731
0 0.5864593609075536 0.7871357983370912 0.19092182215332582 0.22033980411499432
0 0.46565186372604284 0.9241187817080045 0.2023631271138669 0.15176243658399102
0 0.6538718996617812 0.9794404417981961 0.16783222942502818 0.04111911640360766
0 0.20316903889515217 0.778557021561443 0.22080221251409243 0.2085726113303269
0 0.06409420800450959 0.8409403184892897 0.12818841600901917 0.22857948139797069
