1 0.4669862422491545 0.4745433166572717 0.3499462725479144 0.354147583145434
0 0.04513105975197294 0.06784411992671928 0.09026211950394589 0.13568823985343856
0 0.21774150930101463 0.07836501197857948 0.20340684892897404 0.15673002395715896
0 0.2747278396279594 0.1554308765501691 0.2225461527621195 0.21941939120631343
0 0.5646667136414881 0.1406272019447576 0.2111312711386697 0.2148701733370913
0 0.6397398182074407 0.017637577508455467 0.1394007187147689 0.035275155016910933
0 0.7805365698985344 0.13178198985343856 0.2033011555806088 0.216486400789177
0 0.9470740558060879 0.09706833074971816 0.10585188838782411 0.17327103297632468
0 0.7174420448139798 0.28950068700676435 0.2283504791431793 0.18825306510710257
0 0.07579314050169109 0.3811103967023675 0.15158628100338217 0.2491412415445321
0 0.10362792418263808 0.4720727346392333 0.19296963077790302 0.22282359780157834
0 0.19243896209131905 0.5242279981679819 0.1884116051296505 0.18312693771138666
0 0.25805031003382184 0.31606274661781286 0.2045694757609921 0.24475937147688837
0 0.9436103967023675 0.5756301965896279 0.11277920659526497 0.27103738021420515
0 0.02960074337655017 0.7892738866967305 0.05920148675310034 0.17107349210822997
0 0.06337857595828636 0.7237704340473506 0.12675715191657272 0.260296293686584
0 0.23738726042841035 0.7950077508455469 0.2054326381059752 0.2062253382187148
0 0.49651432144870344 0.7389418334272828 0.18913384301014652 0.15900683483652756
0 0.7303344313697858 0.7160261943348365 0.22073615417136416 0.1446193277903044
0 0.6649168545659525 0.8761890501691093 0.22389374295377673 0.1825059892897407
0 0.8607952543686583 0.802214716037204 0.16980076803833144 0.1926305312852311
0 0.94426217235062 0.9114664071307779 0.11147565529875991 0.16064948562570458
