1 0.4638925098647125 0.6124621265501691 0.43506905298759857 0.380548900789177
0 0.1194995419954904 0.13985431933483652 0.23642721251409243 0.2260604565952649
0 0.38387383737316794 0.10139735414317926 0.24294496899661783 0.18035248731679818
0 0.6730244151634723 0.032712091319052984 0.1797931933483653 0.06542418263810597
0 0.867526599492672 0.05577746265501691 0.17715085963923338 0.11155492531003382
0 0.027929467305524237 0.3579503417418264 0.055858934611048475 0.15773411076662908
0 0.3905545377677565 0.25403836668545654 0.21740240980834274 0.19452860766629082
0 0.5476302670518601 0.3327666995490417 0.20688151775648245 0.2127254791431792
0 0.7695224422209695 0.2797746970124014 0.22734639233370912 0.25727522547914317
0 0.6964927423900789 0.4985246970124013 0.2077490839909808 0.23073738726042836
0 0.06676076310597519 0.565525472096956 0.13352152621195038 0.23847942502818487
0 0.17577684611048477 0.5748066692502818 0.1658328635851184 0.26545324830890643
0 0.20932567643742955 0.807153678128523 0.21548231397970688 0.2172262542277339
0 0.8933047667700111 0.5780853649943629 0.1899881975760992 0.22205291713641484
0 0.7582683025648252 0.7515303516065388 0.1899177353438557 0.1927714557497181
0 0.9389356679819616 0.8798729037485906 0.1221286640360767 0.2111973294813979
0 0.09215799394024803 0.9137476218996616 0.18431598788049605 0.16594296082299886
0 0.7772446624859075 0.9273138035512964 0.19892809329199546 0.145372392897407
0 0.5426230446730552 0.974089716037204 0.12644007187147688 0.051820567925591865
